0 1 0 0 0 20 20 10 5.92879e-322 6.95326e-310 4.94066e-324 0 7.85498e-315 2.33303e-314 
0.1 1 0 0 0 19.7 19.9 10 5.92879e-322 6.95326e-310 4.94066e-324 0 7.85498e-315 2.33303e-314 
0.2 1 0 0 0 19.4 19.8 10 5.92879e-322 6.95326e-310 4.94066e-324 0 7.85498e-315 2.33303e-314 
0.3 1 0 0 0 19.1 19.7 10 5.92879e-322 6.95326e-310 4.94066e-324 0 7.85498e-315 2.33303e-314 
0.4 1 0 0 0 18.8 19.6 10 5.92879e-322 6.95326e-310 4.94066e-324 0 7.85498e-315 2.33303e-314 
0.5 1 0 0 0 18.5 19.5 10 5.92879e-322 6.95326e-310 4.94066e-324 0 7.85498e-315 2.33303e-314 
0.6 1 0 0 0 18.2 19.4 10 5.92879e-322 6.95326e-310 4.94066e-324 0 7.85498e-315 2.33303e-314 
0.7 1 0 0 0 17.9 19.3 10 5.92879e-322 6.95326e-310 4.94066e-324 0 7.85498e-315 2.33303e-314 
0.8 1 0 0 0 17.6 19.2 10 5.92879e-322 6.95326e-310 4.94066e-324 0 7.85498e-315 2.33303e-314 
0.9 1 0 0 0 17.3 19.1 10 5.92879e-322 6.95326e-310 4.94066e-324 0 7.85498e-315 2.33303e-314 
1 1 0 0 0 17 19 10 5.92879e-322 6.95326e-310 4.94066e-324 0 7.85498e-315 2.33303e-314 
1.1 1 0 0 0 16.7 18.9 10 5.92879e-322 6.95326e-310 4.94066e-324 0 7.85498e-315 2.33303e-314 
1.2 1 0 0 0 16.4 18.8 10 5.92879e-322 6.95326e-310 4.94066e-324 0 7.85498e-315 2.33303e-314 
1.3 1 0 0 0 16.1 18.7 10 5.92879e-322 6.95326e-310 4.94066e-324 0 7.85498e-315 2.33303e-314 
1.4 1 0 0 0 15.8 18.6 10 5.92879e-322 6.95326e-310 4.94066e-324 0 7.85498e-315 2.33303e-314 
1.5 1 0 0 0 15.5 18.5 10 5.92879e-322 6.95326e-310 4.94066e-324 0 7.85498e-315 2.33303e-314 
1.6 1 0 0 0 15.2 18.4 10 5.92879e-322 6.95326e-310 4.94066e-324 0 7.85498e-315 2.33303e-314 
1.7 1 0 0 0 14.9 18.3 10 5.92879e-322 6.95326e-310 4.94066e-324 0 7.85498e-315 2.33303e-314 
1.8 1 0 0 0 14.6 18.2 10 5.92879e-322 6.95326e-310 4.94066e-324 0 7.85498e-315 2.33303e-314 
1.9 1 0 0 0 14.3 18.1 10 5.92879e-322 6.95326e-310 4.94066e-324 0 7.85498e-315 2.33303e-314 
2 1 0 0 0 14 18 10 5.92879e-322 6.95326e-310 4.94066e-324 0 7.85498e-315 2.33303e-314 
2.1 1 0 0 0 13.7 17.9 10 5.92879e-322 6.95326e-310 4.94066e-324 0 7.85498e-315 2.33303e-314 
2.2 1 0 0 0 13.4 17.8 10 5.92879e-322 6.95326e-310 4.94066e-324 0 7.85498e-315 2.33303e-314 
2.3 1 0 0 0 13.1 17.7 10 5.92879e-322 6.95326e-310 4.94066e-324 0 7.85498e-315 2.33303e-314 
2.4 1 0 0 0 12.8 17.6 10 5.92879e-322 6.95326e-310 4.94066e-324 0 7.85498e-315 2.33303e-314 
2.5 1 0 0 0 12.5 17.5 10 5.92879e-322 6.95326e-310 4.94066e-324 0 7.85498e-315 2.33303e-314 
2.6 1 0 0 0 12.2 17.4 10 5.92879e-322 6.95326e-310 4.94066e-324 0 7.85498e-315 2.33303e-314 
2.7 1 0 0 0 11.9 17.3 10 5.92879e-322 6.95326e-310 4.94066e-324 0 7.85498e-315 2.33303e-314 
2.8 1 0 0 0 11.6 17.2 10 5.92879e-322 6.95326e-310 4.94066e-324 0 7.85498e-315 2.33303e-314 
2.9 1 0 0 0 11.3 17.1 10 5.92879e-322 6.95326e-310 4.94066e-324 0 7.85498e-315 2.33303e-314 
3 1 0 0 0 11 17 10 5.92879e-322 6.95326e-310 4.94066e-324 0 7.85498e-315 2.33303e-314 
3.1 1 0 0 0 10.7 16.9 10 5.92879e-322 6.95326e-310 4.94066e-324 0 7.85498e-315 2.33303e-314 
3.2 1 0 0 0 10.4 16.8 10 5.92879e-322 6.95326e-310 4.94066e-324 0 7.85498e-315 2.33303e-314 
3.3 1 0 0 0 10.1 16.7 10 5.92879e-322 6.95326e-310 4.94066e-324 0 7.85498e-315 2.33303e-314 
3.4 1 0 0 0 9.8 16.6 10 5.92879e-322 6.95326e-310 4.94066e-324 0 7.85498e-315 2.33303e-314 
3.5 1 0 0 0 9.5 16.5 10 5.92879e-322 6.95326e-310 4.94066e-324 0 7.85498e-315 2.33303e-314 
3.6 1 0 0 0 9.2 16.4 10 5.92879e-322 6.95326e-310 4.94066e-324 0 7.85498e-315 2.33303e-314 
3.7 1 0 0 0 8.9 16.3 10 5.92879e-322 6.95326e-310 4.94066e-324 0 7.85498e-315 2.33303e-314 
3.8 1 0 0 0 8.6 16.2 10 5.92879e-322 6.95326e-310 4.94066e-324 0 7.85498e-315 2.33303e-314 
3.9 1 0 0 0 8.3 16.1 10 5.92879e-322 6.95326e-310 4.94066e-324 0 7.85498e-315 2.33303e-314 
4 1 0 0 0 8.00001 16 10 5.92879e-322 6.95326e-310 4.94066e-324 0 7.85498e-315 2.33303e-314 
4.1 1 0 0 0 7.7 15.9 10 5.92879e-322 6.95326e-310 4.94066e-324 0 7.85498e-315 2.33303e-314 
4.2 1 0 0 0 7.4 15.8 10 5.92879e-322 6.95326e-310 4.94066e-324 0 7.85498e-315 2.33303e-314 
4.3 1 0 0 0 7.10001 15.7 10 5.92879e-322 6.95326e-310 4.94066e-324 0 7.85498e-315 2.33303e-314 
4.4 1 0 0 0 6.80001 15.6 10 5.92879e-322 6.95326e-310 4.94066e-324 0 7.85498e-315 2.33303e-314 
4.5 1 0 0 0 6.50001 15.5 10 5.92879e-322 6.95326e-310 4.94066e-324 0 7.85498e-315 2.33303e-314 
4.6 1 0 0 0 6.20001 15.4 10 5.92879e-322 6.95326e-310 4.94066e-324 0 7.85498e-315 2.33303e-314 
4.7 1 0 0 0 5.90001 15.3 10 5.92879e-322 6.95326e-310 4.94066e-324 0 7.85498e-315 2.33303e-314 
4.8 1 0 0 0 5.60001 15.2 10 5.92879e-322 6.95326e-310 4.94066e-324 0 7.85498e-315 2.33303e-314 
4.9 1 0 0 0 5.30001 15.1 10 5.92879e-322 6.95326e-310 4.94066e-324 0 7.85498e-315 2.33303e-314 
5 1 0 0 0 5.00001 15 10 5.92879e-322 6.95326e-310 4.94066e-324 0 7.85498e-315 2.33303e-314 
5.1 1 0 0 0 4.70001 14.9 10 5.92879e-322 6.95326e-310 4.94066e-324 0 7.85498e-315 2.33303e-314 
5.2 1 0 0 0 4.40001 14.8 10 5.92879e-322 6.95326e-310 4.94066e-324 0 7.85498e-315 2.33303e-314 
5.3 1 0 0 0 4.10001 14.7 10 5.92879e-322 6.95326e-310 4.94066e-324 0 7.85498e-315 2.33303e-314 
5.4 1 0 0 0 3.80001 14.6 10 5.92879e-322 6.95326e-310 4.94066e-324 0 7.85498e-315 2.33303e-314 
5.5 1 0 0 0 3.50001 14.5 10 5.92879e-322 6.95326e-310 4.94066e-324 0 7.85498e-315 2.33303e-314 
5.6 1 0 0 0 3.20001 14.4 10 5.92879e-322 6.95326e-310 4.94066e-324 0 7.85498e-315 2.33303e-314 
5.7 1 0 0 0 2.90001 14.3 10 5.92879e-322 6.95326e-310 4.94066e-324 0 7.85498e-315 2.33303e-314 
5.8 1 0 0 0 2.60001 14.2 10 5.92879e-322 6.95326e-310 4.94066e-324 0 7.85498e-315 2.33303e-314 
5.9 1 0 0 0 2.30001 14.1 10 5.92879e-322 6.95326e-310 4.94066e-324 0 7.85498e-315 2.33303e-314 
6 1 0 0 0 2.00001 14 10 5.92879e-322 6.95326e-310 4.94066e-324 0 7.85498e-315 2.33303e-314 
6.1 1 0 0 0 1.70001 13.9 10 5.92879e-322 6.95326e-310 4.94066e-324 0 7.85498e-315 2.33303e-314 
6.2 1 0 0 0 1.40001 13.8 10 5.92879e-322 6.95326e-310 4.94066e-324 0 7.85498e-315 2.33303e-314 
6.3 1 0 0 0 1.10001 13.7 10 5.92879e-322 6.95326e-310 4.94066e-324 0 7.85498e-315 2.33303e-314 
6.4 1 0 0 0 0.800011 13.6 10 5.92879e-322 6.95326e-310 4.94066e-324 0 7.85498e-315 2.33303e-314 
6.5 1 0 0 0 0.500011 13.5 10 5.92879e-322 6.95326e-310 4.94066e-324 0 7.85498e-315 2.33303e-314 
6.6 1 0 0 0 0.200012 13.4 10 5.92879e-322 6.95326e-310 4.94066e-324 0 7.85498e-315 2.33303e-314 
6.7 1 0 0 0 -0.099988 13.3 10 5.92879e-322 6.95326e-310 4.94066e-324 0 7.85498e-315 2.33303e-314 
6.8 1 0 0 0 -0.399988 13.2 10 5.92879e-322 6.95326e-310 4.94066e-324 0 7.85498e-315 2.33303e-314 
6.9 1 0 0 0 -0.699987 13.1 10 5.92879e-322 6.95326e-310 4.94066e-324 0 7.85498e-315 2.33303e-314 
7 1 0 0 0 -0.999987 13 10 5.92879e-322 6.95326e-310 4.94066e-324 0 7.85498e-315 2.33303e-314 
7.1 1 0 0 0 -1.29999 12.9 10 5.92879e-322 6.95326e-310 4.94066e-324 0 7.85498e-315 2.33303e-314 
7.2 1 0 0 0 -1.59999 12.8 10 5.92879e-322 6.95326e-310 4.94066e-324 0 7.85498e-315 2.33303e-314 
7.3 1 0 0 0 -1.89999 12.7 10 5.92879e-322 6.95326e-310 4.94066e-324 0 7.85498e-315 2.33303e-314 
7.4 1 0 0 0 -2.19999 12.6 10 5.92879e-322 6.95326e-310 4.94066e-324 0 7.85498e-315 2.33303e-314 
7.5 1 0 0 0 -2.49999 12.5 10 5.92879e-322 6.95326e-310 4.94066e-324 0 7.85498e-315 2.33303e-314 
7.6 1 0 0 0 -2.79999 12.4 10 5.92879e-322 6.95326e-310 4.94066e-324 0 7.85498e-315 2.33303e-314 
7.7 1 0 0 0 -3.09999 12.3 10 5.92879e-322 6.95326e-310 4.94066e-324 0 7.85498e-315 2.33303e-314 
7.79999 1 0 0 0 -3.39998 12.2 10 5.92879e-322 6.95326e-310 4.94066e-324 0 7.85498e-315 2.33303e-314 
7.89999 1 0 0 0 -3.69998 12.1 10 5.92879e-322 6.95326e-310 4.94066e-324 0 7.85498e-315 2.33303e-314 
7.99999 1 0 0 0 -3.99998 12 10 5.92879e-322 6.95326e-310 4.94066e-324 0 7.85498e-315 2.33303e-314 
8.09999 1 0 0 0 -4.29998 11.9 10 5.92879e-322 6.95326e-310 4.94066e-324 0 7.85498e-315 2.33303e-314 
8.2 1 0 0 0 -4.59999 11.8 10 5.92879e-322 6.95326e-310 4.94066e-324 0 7.85498e-315 2.33303e-314 
8.3 1 0 0 0 -4.89999 11.7 10 5.92879e-322 6.95326e-310 4.94066e-324 0 7.85498e-315 2.33303e-314 
8.4 1 0 0 0 -5.19999 11.6 10 5.92879e-322 6.95326e-310 4.94066e-324 0 7.85498e-315 2.33303e-314 
8.5 1 0 0 0 -5.49999 11.5 10 5.92879e-322 6.95326e-310 4.94066e-324 0 7.85498e-315 2.33303e-314 
8.6 1 0 0 0 -5.79999 11.4 10 5.92879e-322 6.95326e-310 4.94066e-324 0 7.85498e-315 2.33303e-314 
8.7 1 0 0 0 -6.09999 11.3 10 5.92879e-322 6.95326e-310 4.94066e-324 0 7.85498e-315 2.33303e-314 
8.8 1 0 0 0 -6.39999 11.2 10 5.92879e-322 6.95326e-310 4.94066e-324 0 7.85498e-315 2.33303e-314 
8.9 1 0 0 0 -6.69999 11.1 10 5.92879e-322 6.95326e-310 4.94066e-324 0 7.85498e-315 2.33303e-314 
9 1 0 0 0 -6.99999 11 10 5.92879e-322 6.95326e-310 4.94066e-324 0 7.85498e-315 2.33303e-314 
9.1 1 0 0 0 -7.3 10.9 10 5.92879e-322 6.95326e-310 4.94066e-324 0 7.85498e-315 2.33303e-314 
9.2 1 0 0 0 -7.6 10.8 10 5.92879e-322 6.95326e-310 4.94066e-324 0 7.85498e-315 2.33303e-314 
9.3 1 0 0 0 -7.9 10.7 10 5.92879e-322 6.95326e-310 4.94066e-324 0 7.85498e-315 2.33303e-314 
9.4 1 0 0 0 -8.2 10.6 10 5.92879e-322 6.95326e-310 4.94066e-324 0 7.85498e-315 2.33303e-314 
9.5 1 0 0 0 -8.5 10.5 10 5.92879e-322 6.95326e-310 4.94066e-324 0 7.85498e-315 2.33303e-314 
9.6 1 0 0 0 -8.8 10.4 10 5.92879e-322 6.95326e-310 4.94066e-324 0 7.85498e-315 2.33303e-314 
9.7 1 0 0 0 -9.1 10.3 10 5.92879e-322 6.95326e-310 4.94066e-324 0 7.85498e-315 2.33303e-314 
9.8 1 0 0 0 -9.4 10.2 10 5.92879e-322 6.95326e-310 4.94066e-324 0 7.85498e-315 2.33303e-314 
9.9 1 0 0 0 -9.7 10.1 10 5.92879e-322 6.95326e-310 4.94066e-324 0 7.85498e-315 2.33303e-314 
10 1 0 0 0 -10 10 10 5.92879e-322 6.95326e-310 4.94066e-324 0 7.85498e-315 2.33303e-314 
10.1 1 0 0 0 -10.3 9.9 10 5.92879e-322 6.95326e-310 4.94066e-324 0 7.85498e-315 2.33303e-314 
10.2 1 0 0 0 -10.6 9.8 10 5.92879e-322 6.95326e-310 4.94066e-324 0 7.85498e-315 2.33303e-314 
10.3 1 0 0 0 -10.9 9.7 10 5.92879e-322 6.95326e-310 4.94066e-324 0 7.85498e-315 2.33303e-314 
10.4 1 0 0 0 -11.2 9.6 10 5.92879e-322 6.95326e-310 4.94066e-324 0 7.85498e-315 2.33303e-314 
10.5 1 0 0 0 -11.5 9.5 10 5.92879e-322 6.95326e-310 4.94066e-324 0 7.85498e-315 2.33303e-314 
10.6 1 0 0 0 -11.8 9.4 10 5.92879e-322 6.95326e-310 4.94066e-324 0 7.85498e-315 2.33303e-314 
10.7 1 0 0 0 -12.1 9.3 10 5.92879e-322 6.95326e-310 4.94066e-324 0 7.85498e-315 2.33303e-314 
10.8 1 0 0 0 -12.4 9.2 10 5.92879e-322 6.95326e-310 4.94066e-324 0 7.85498e-315 2.33303e-314 
10.9 1 0 0 0 -12.7 9.09999 10 5.92879e-322 6.95326e-310 4.94066e-324 0 7.85498e-315 2.33303e-314 
11 1 0 0 0 -13 8.99999 10 5.92879e-322 6.95326e-310 4.94066e-324 0 7.85498e-315 2.33303e-314 
11.1 1 0 0 0 -13.3 8.89999 10 5.92879e-322 6.95326e-310 4.94066e-324 0 7.85498e-315 2.33303e-314 
11.2 1 0 0 0 -13.6 8.79999 10 5.92879e-322 6.95326e-310 4.94066e-324 0 7.85498e-315 2.33303e-314 
11.3 1 0 0 0 -13.9 8.69999 10 5.92879e-322 6.95326e-310 4.94066e-324 0 7.85498e-315 2.33303e-314 
11.4 1 0 0 0 -14.2 8.59999 10 5.92879e-322 6.95326e-310 4.94066e-324 0 7.85498e-315 2.33303e-314 
11.5 1 0 0 0 -14.5 8.49999 10 5.92879e-322 6.95326e-310 4.94066e-324 0 7.85498e-315 2.33303e-314 
11.6 1 0 0 0 -14.8 8.39999 10 5.92879e-322 6.95326e-310 4.94066e-324 0 7.85498e-315 2.33303e-314 
11.7 1 0 0 0 -15.1 8.29999 10 5.92879e-322 6.95326e-310 4.94066e-324 0 7.85498e-315 2.33303e-314 
11.8 1 0 0 0 -15.4 8.19999 10 5.92879e-322 6.95326e-310 4.94066e-324 0 7.85498e-315 2.33303e-314 
11.9 1 0 0 0 -15.7 8.09999 10 5.92879e-322 6.95326e-310 4.94066e-324 0 7.85498e-315 2.33303e-314 
12 1 0 0 0 -16 7.99999 10 5.92879e-322 6.95326e-310 4.94066e-324 0 7.85498e-315 2.33303e-314 
12.1 1 0 0 0 -16.3 7.89999 10 5.92879e-322 6.95326e-310 4.94066e-324 0 7.85498e-315 2.33303e-314 
12.2 1 0 0 0 -16.6 7.79999 10 5.92879e-322 6.95326e-310 4.94066e-324 0 7.85498e-315 2.33303e-314 
12.3 1 0 0 0 -16.9 7.69999 10 5.92879e-322 6.95326e-310 4.94066e-324 0 7.85498e-315 2.33303e-314 
12.4 1 0 0 0 -17.2 7.59999 10 5.92879e-322 6.95326e-310 4.94066e-324 0 7.85498e-315 2.33303e-314 
12.5 1 0 0 0 -17.5 7.49999 10 5.92879e-322 6.95326e-310 4.94066e-324 0 7.85498e-315 2.33303e-314 
12.6 1 0 0 0 -17.8 7.39999 10 5.92879e-322 6.95326e-310 4.94066e-324 0 7.85498e-315 2.33303e-314 
12.7 1 0 0 0 -18.1 7.29999 10 5.92879e-322 6.95326e-310 4.94066e-324 0 7.85498e-315 2.33303e-314 
12.8 1 0 0 0 -18.4 7.19999 10 5.92879e-322 6.95326e-310 4.94066e-324 0 7.85498e-315 2.33303e-314 
12.9 1 0 0 0 -18.7 7.09999 10 5.92879e-322 6.95326e-310 4.94066e-324 0 7.85498e-315 2.33303e-314 
13 1 0 0 0 -19 6.99999 10 5.92879e-322 6.95326e-310 4.94066e-324 0 7.85498e-315 2.33303e-314 
13.1 1 0 0 0 -19.3 6.89999 10 5.92879e-322 6.95326e-310 4.94066e-324 0 7.85498e-315 2.33303e-314 
13.2 1 0 0 0 -19.6 6.79999 10 5.92879e-322 6.95326e-310 4.94066e-324 0 7.85498e-315 2.33303e-314 
13.3 1 0 0 0 -19.9 6.69999 10 5.92879e-322 6.95326e-310 4.94066e-324 0 7.85498e-315 2.33303e-314 
13.4 1 0 0 0 -20.2 6.59999 10 5.92879e-322 6.95326e-310 4.94066e-324 0 7.85498e-315 2.33303e-314 
13.5 1 0 0 0 -20.5 6.49998 10 5.92879e-322 6.95326e-310 4.94066e-324 0 7.85498e-315 2.33303e-314 
13.6 1 0 0 0 -20.8 6.39998 10 5.92879e-322 6.95326e-310 4.94066e-324 0 7.85498e-315 2.33303e-314 
13.7 1 0 0 0 -21.1 6.29998 10 5.92879e-322 6.95326e-310 4.94066e-324 0 7.85498e-315 2.33303e-314 
13.8 1 0 0 0 -21.4 6.19998 10 5.92879e-322 6.95326e-310 4.94066e-324 0 7.85498e-315 2.33303e-314 
13.9 1 0 0 0 -21.7001 6.09998 10 5.92879e-322 6.95326e-310 4.94066e-324 0 7.85498e-315 2.33303e-314 
14 1 0 0 0 -22.0001 5.99998 10 5.92879e-322 6.95326e-310 4.94066e-324 0 7.85498e-315 2.33303e-314 
14.1 1 0 0 0 -22.3001 5.89998 10 5.92879e-322 6.95326e-310 4.94066e-324 0 7.85498e-315 2.33303e-314 
14.2 1 0 0 0 -22.6001 5.79998 10 5.92879e-322 6.95326e-310 4.94066e-324 0 7.85498e-315 2.33303e-314 
14.3 1 0 0 0 -22.9001 5.69998 10 5.92879e-322 6.95326e-310 4.94066e-324 0 7.85498e-315 2.33303e-314 
14.4 1 0 0 0 -23.2001 5.59998 10 5.92879e-322 6.95326e-310 4.94066e-324 0 7.85498e-315 2.33303e-314 
14.5 1 0 0 0 -23.5001 5.49998 10 5.92879e-322 6.95326e-310 4.94066e-324 0 7.85498e-315 2.33303e-314 
14.6 1 0 0 0 -23.8001 5.39998 10 5.92879e-322 6.95326e-310 4.94066e-324 0 7.85498e-315 2.33303e-314 
14.7 1 0 0 0 -24.1001 5.29998 10 5.92879e-322 6.95326e-310 4.94066e-324 0 7.85498e-315 2.33303e-314 
14.8 1 0 0 0 -24.4001 5.19998 10 5.92879e-322 6.95326e-310 4.94066e-324 0 7.85498e-315 2.33303e-314 
14.9 1 0 0 0 -24.7001 5.09998 10 5.92879e-322 6.95326e-310 4.94066e-324 0 7.85498e-315 2.33303e-314 
15 1 0 0 0 -25.0001 4.99998 10 5.92879e-322 6.95326e-310 4.94066e-324 0 7.85498e-315 2.33303e-314 
15.1 1 0 0 0 -25.3001 4.89998 10 5.92879e-322 6.95326e-310 4.94066e-324 0 7.85498e-315 2.33303e-314 
15.2 1 0 0 0 -25.6001 4.79998 10 5.92879e-322 6.95326e-310 4.94066e-324 0 7.85498e-315 2.33303e-314 
15.3 1 0 0 0 -25.9001 4.69998 10 5.92879e-322 6.95326e-310 4.94066e-324 0 7.85498e-315 2.33303e-314 
15.4 1 0 0 0 -26.2001 4.59998 10 5.92879e-322 6.95326e-310 4.94066e-324 0 7.85498e-315 2.33303e-314 
15.5 1 0 0 0 -26.5001 4.49998 10 5.92879e-322 6.95326e-310 4.94066e-324 0 7.85498e-315 2.33303e-314 
15.6 1 0 0 0 -26.8001 4.39998 10 5.92879e-322 6.95326e-310 4.94066e-324 0 7.85498e-315 2.33303e-314 
15.7 1 0 0 0 -27.1001 4.29998 10 5.92879e-322 6.95326e-310 4.94066e-324 0 7.85498e-315 2.33303e-314 
15.8 1 0 0 0 -27.4001 4.19998 10 5.92879e-322 6.95326e-310 4.94066e-324 0 7.85498e-315 2.33303e-314 
15.9 1 0 0 0 -27.7001 4.09998 10 5.92879e-322 6.95326e-310 4.94066e-324 0 7.85498e-315 2.33303e-314 
16 1 0 0 0 -28.0001 3.99998 10 5.92879e-322 6.95326e-310 4.94066e-324 0 7.85498e-315 2.33303e-314 
16.1 1 0 0 0 -28.3001 3.89997 10 5.92879e-322 6.95326e-310 4.94066e-324 0 7.85498e-315 2.33303e-314 
16.2 1 0 0 0 -28.6001 3.79997 10 5.92879e-322 6.95326e-310 4.94066e-324 0 7.85498e-315 2.33303e-314 
16.3 1 0 0 0 -28.9001 3.69997 10 5.92879e-322 6.95326e-310 4.94066e-324 0 7.85498e-315 2.33303e-314 
16.4 1 0 0 0 -29.2001 3.59997 10 5.92879e-322 6.95326e-310 4.94066e-324 0 7.85498e-315 2.33303e-314 
16.5 1 0 0 0 -29.5001 3.49997 10 5.92879e-322 6.95326e-310 4.94066e-324 0 7.85498e-315 2.33303e-314 
16.6 1 0 0 0 -29.8001 3.39997 10 5.92879e-322 6.95326e-310 4.94066e-324 0 7.85498e-315 2.33303e-314 
16.7 1 0 0 0 -30.1001 3.29997 10 5.92879e-322 6.95326e-310 4.94066e-324 0 7.85498e-315 2.33303e-314 
16.8 1 0 0 0 -30.4001 3.19997 10 5.92879e-322 6.95326e-310 4.94066e-324 0 7.85498e-315 2.33303e-314 
16.9 1 0 0 0 -30.7001 3.09997 10 5.92879e-322 6.95326e-310 4.94066e-324 0 7.85498e-315 2.33303e-314 
17 1 0 0 0 -31.0001 2.99997 10 5.92879e-322 6.95326e-310 4.94066e-324 0 7.85498e-315 2.33303e-314 
17.1 1 0 0 0 -31.3001 2.89997 10 5.92879e-322 6.95326e-310 4.94066e-324 0 7.85498e-315 2.33303e-314 
17.2 1 0 0 0 -31.6001 2.79997 10 5.92879e-322 6.95326e-310 4.94066e-324 0 7.85498e-315 2.33303e-314 
17.3 1 0 0 0 -31.9001 2.69997 10 5.92879e-322 6.95326e-310 4.94066e-324 0 7.85498e-315 2.33303e-314 
17.4 1 0 0 0 -32.2001 2.59997 10 5.92879e-322 6.95326e-310 4.94066e-324 0 7.85498e-315 2.33303e-314 
17.5 1 0 0 0 -32.5001 2.49997 10 5.92879e-322 6.95326e-310 4.94066e-324 0 7.85498e-315 2.33303e-314 
17.6 1 0 0 0 -32.8001 2.39997 10 5.92879e-322 6.95326e-310 4.94066e-324 0 7.85498e-315 2.33303e-314 
17.7 1 0 0 0 -33.1001 2.29997 10 5.92879e-322 6.95326e-310 4.94066e-324 0 7.85498e-315 2.33303e-314 
17.8 1 0 0 0 -33.4001 2.19997 10 5.92879e-322 6.95326e-310 4.94066e-324 0 7.85498e-315 2.33303e-314 
17.9 1 0 0 0 -33.7001 2.09997 10 5.92879e-322 6.95326e-310 4.94066e-324 0 7.85498e-315 2.33303e-314 
18 1 0 0 0 -34.0001 1.99997 10 5.92879e-322 6.95326e-310 4.94066e-324 0 7.85498e-315 2.33303e-314 
18.1 1 0 0 0 -34.3001 1.89997 10 5.92879e-322 6.95326e-310 4.94066e-324 0 7.85498e-315 2.33303e-314 
18.2 1 0 0 0 -34.6001 1.79997 10 5.92879e-322 6.95326e-310 4.94066e-324 0 7.85498e-315 2.33303e-314 
18.3 1 0 0 0 -34.9001 1.69997 10 5.92879e-322 6.95326e-310 4.94066e-324 0 7.85498e-315 2.33303e-314 
18.4 1 0 0 0 -35.2001 1.59997 10 5.92879e-322 6.95326e-310 4.94066e-324 0 7.85498e-315 2.33303e-314 
18.5 1 0 0 0 -35.5001 1.49997 10 5.92879e-322 6.95326e-310 4.94066e-324 0 7.85498e-315 2.33303e-314 
18.6 1 0 0 0 -35.8001 1.39997 10 5.92879e-322 6.95326e-310 4.94066e-324 0 7.85498e-315 2.33303e-314 
18.7 1 0 0 0 -36.1001 1.29996 10 5.92879e-322 6.95326e-310 4.94066e-324 0 7.85498e-315 2.33303e-314 
18.8 1 0 0 0 -36.4001 1.19996 10 5.92879e-322 6.95326e-310 4.94066e-324 0 7.85498e-315 2.33303e-314 
18.9 1 0 0 0 -36.7001 1.09996 10 5.92879e-322 6.95326e-310 4.94066e-324 0 7.85498e-315 2.33303e-314 
19 1 0 0 0 -37.0001 0.999964 10 5.92879e-322 6.95326e-310 4.94066e-324 0 7.85498e-315 2.33303e-314 
19.1 1 0 0 0 -37.3001 0.899963 10 5.92879e-322 6.95326e-310 4.94066e-324 0 7.85498e-315 2.33303e-314 
19.2 1 0 0 0 -37.6001 0.799963 10 5.92879e-322 6.95326e-310 4.94066e-324 0 7.85498e-315 2.33303e-314 
19.3 1 0 0 0 -37.9001 0.699963 10 5.92879e-322 6.95326e-310 4.94066e-324 0 7.85498e-315 2.33303e-314 
19.4 1 0 0 0 -38.2001 0.599962 10 5.92879e-322 6.95326e-310 4.94066e-324 0 7.85498e-315 2.33303e-314 
19.5 1 0 0 0 -38.5001 0.499962 10 5.92879e-322 6.95326e-310 4.94066e-324 0 7.85498e-315 2.33303e-314 
19.6 1 0 0 0 -38.8001 0.399961 10 5.92879e-322 6.95326e-310 4.94066e-324 0 7.85498e-315 2.33303e-314 
19.7 1 0 0 0 -39.1001 0.299961 10 5.92879e-322 6.95326e-310 4.94066e-324 0 7.85498e-315 2.33303e-314 
19.8 1 0 0 0 -39.4001 0.199961 10 5.92879e-322 6.95326e-310 4.94066e-324 0 7.85498e-315 2.33303e-314 
19.9 1 0 0 0 -39.7001 0.0999603 10 5.92879e-322 6.95326e-310 4.94066e-324 0 7.85498e-315 2.33303e-314 
