0.000000000 20.00000 20.00000 10.00000 0.00000 0.00000 0.00000 1.00000
0.100000001 19.70000 19.90000 10.00000 0.00000 0.00000 0.00000 1.00000
0.200000003 19.40000 19.80000 10.00000 0.00000 0.00000 0.00000 1.00000
0.300000012 19.10000 19.70000 10.00000 0.00000 0.00000 0.00000 1.00000
0.400000006 18.80000 19.60000 10.00000 0.00000 0.00000 0.00000 1.00000
0.500000000 18.50000 19.50000 10.00000 0.00000 0.00000 0.00000 1.00000
0.600000024 18.20000 19.40000 10.00000 0.00000 0.00000 0.00000 1.00000
0.700000048 17.90000 19.30000 10.00000 0.00000 0.00000 0.00000 1.00000
0.800000072 17.60000 19.20000 10.00000 0.00000 0.00000 0.00000 1.00000
0.900000095 17.30000 19.10000 10.00000 0.00000 0.00000 0.00000 1.00000
1.000000119 17.00000 19.00000 10.00000 0.00000 0.00000 0.00000 1.00000
1.100000143 16.70000 18.90000 10.00000 0.00000 0.00000 0.00000 1.00000
1.200000167 16.40000 18.80000 10.00000 0.00000 0.00000 0.00000 1.00000
1.300000191 16.10000 18.70000 10.00000 0.00000 0.00000 0.00000 1.00000
1.400000215 15.80000 18.60000 10.00000 0.00000 0.00000 0.00000 1.00000
1.500000238 15.50000 18.50000 10.00000 0.00000 0.00000 0.00000 1.00000
1.600000262 15.20000 18.40000 10.00000 0.00000 0.00000 0.00000 1.00000
1.700000286 14.90000 18.30000 10.00000 0.00000 0.00000 0.00000 1.00000
1.800000310 14.60000 18.20000 10.00000 0.00000 0.00000 0.00000 1.00000
1.900000334 14.30000 18.10000 10.00000 0.00000 0.00000 0.00000 1.00000
2.000000238 14.00000 18.00000 10.00000 0.00000 0.00000 0.00000 1.00000
2.100000143 13.70000 17.90000 10.00000 0.00000 0.00000 0.00000 1.00000
2.200000048 13.40000 17.80000 10.00000 0.00000 0.00000 0.00000 1.00000
2.299999952 13.10000 17.70000 10.00000 0.00000 0.00000 0.00000 1.00000
2.399999857 12.80000 17.60000 10.00000 0.00000 0.00000 0.00000 1.00000
2.499999762 12.50000 17.50000 10.00000 0.00000 0.00000 0.00000 1.00000
2.599999666 12.20000 17.40000 10.00000 0.00000 0.00000 0.00000 1.00000
2.699999571 11.90000 17.30000 10.00000 0.00000 0.00000 0.00000 1.00000
2.799999475 11.60000 17.20000 10.00000 0.00000 0.00000 0.00000 1.00000
2.899999380 11.30000 17.10000 10.00000 0.00000 0.00000 0.00000 1.00000
2.999999285 11.00000 17.00000 10.00000 0.00000 0.00000 0.00000 1.00000
3.099999189 10.70000 16.90000 10.00000 0.00000 0.00000 0.00000 1.00000
3.199999094 10.40000 16.80000 10.00000 0.00000 0.00000 0.00000 1.00000
3.299998999 10.10000 16.70000 10.00000 0.00000 0.00000 0.00000 1.00000
3.399998903 9.80000 16.60000 10.00000 0.00000 0.00000 0.00000 1.00000
3.499998808 9.50000 16.50000 10.00000 0.00000 0.00000 0.00000 1.00000
3.599998713 9.20000 16.40000 10.00000 0.00000 0.00000 0.00000 1.00000
3.699998617 8.90000 16.30000 10.00000 0.00000 0.00000 0.00000 1.00000
3.799998522 8.60000 16.20000 10.00000 0.00000 0.00000 0.00000 1.00000
3.899998426 8.30000 16.10000 10.00000 0.00000 0.00000 0.00000 1.00000
3.999998331 8.00001 16.00000 10.00000 0.00000 0.00000 0.00000 1.00000
4.099998474 7.70000 15.90000 10.00000 0.00000 0.00000 0.00000 1.00000
4.199998379 7.40000 15.80000 10.00000 0.00000 0.00000 0.00000 1.00000
4.299998283 7.10001 15.70000 10.00000 0.00000 0.00000 0.00000 1.00000
4.399998188 6.80001 15.60000 10.00000 0.00000 0.00000 0.00000 1.00000
4.499998093 6.50001 15.50000 10.00000 0.00000 0.00000 0.00000 1.00000
4.599997997 6.20001 15.40000 10.00000 0.00000 0.00000 0.00000 1.00000
4.699997902 5.90001 15.30000 10.00000 0.00000 0.00000 0.00000 1.00000
4.799997807 5.60001 15.20000 10.00000 0.00000 0.00000 0.00000 1.00000
4.899997711 5.30001 15.10000 10.00000 0.00000 0.00000 0.00000 1.00000
4.999997616 5.00001 15.00000 10.00000 0.00000 0.00000 0.00000 1.00000
5.099997520 4.70001 14.90000 10.00000 0.00000 0.00000 0.00000 1.00000
5.199997425 4.40001 14.80000 10.00000 0.00000 0.00000 0.00000 1.00000
5.299997330 4.10001 14.70000 10.00000 0.00000 0.00000 0.00000 1.00000
5.399997234 3.80001 14.60000 10.00000 0.00000 0.00000 0.00000 1.00000
5.499997139 3.50001 14.50000 10.00000 0.00000 0.00000 0.00000 1.00000
5.599997044 3.20001 14.40000 10.00000 0.00000 0.00000 0.00000 1.00000
5.699996948 2.90001 14.30000 10.00000 0.00000 0.00000 0.00000 1.00000
5.799996853 2.60001 14.20000 10.00000 0.00000 0.00000 0.00000 1.00000
5.899996758 2.30001 14.10000 10.00000 0.00000 0.00000 0.00000 1.00000
5.999996662 2.00001 14.00000 10.00000 0.00000 0.00000 0.00000 1.00000
6.099996567 1.70001 13.90000 10.00000 0.00000 0.00000 0.00000 1.00000
6.199996471 1.40001 13.80000 10.00000 0.00000 0.00000 0.00000 1.00000
6.299996376 1.10001 13.70000 10.00000 0.00000 0.00000 0.00000 1.00000
6.399996281 0.80001 13.60000 10.00000 0.00000 0.00000 0.00000 1.00000
6.499996185 0.50001 13.50000 10.00000 0.00000 0.00000 0.00000 1.00000
6.599996090 0.20001 13.40000 10.00000 0.00000 0.00000 0.00000 1.00000
6.699995995 -0.09999 13.30000 10.00000 0.00000 0.00000 0.00000 1.00000
6.799995899 -0.39999 13.20000 10.00000 0.00000 0.00000 0.00000 1.00000
6.899995804 -0.69999 13.10000 10.00000 0.00000 0.00000 0.00000 1.00000
6.999995708 -0.99999 13.00000 10.00000 0.00000 0.00000 0.00000 1.00000
7.099995613 -1.29999 12.90000 10.00000 0.00000 0.00000 0.00000 1.00000
7.199995518 -1.59999 12.80000 10.00000 0.00000 0.00000 0.00000 1.00000
7.299995422 -1.89999 12.70000 10.00000 0.00000 0.00000 0.00000 1.00000
7.399995327 -2.19999 12.60000 10.00000 0.00000 0.00000 0.00000 1.00000
7.499995232 -2.49999 12.50000 10.00000 0.00000 0.00000 0.00000 1.00000
7.599995136 -2.79999 12.40000 10.00000 0.00000 0.00000 0.00000 1.00000
7.699995041 -3.09999 12.30000 10.00000 0.00000 0.00000 0.00000 1.00000
7.799994946 -3.39998 12.20001 10.00000 0.00000 0.00000 0.00000 1.00000
7.899994850 -3.69998 12.10001 10.00000 0.00000 0.00000 0.00000 1.00000
7.999994755 -3.99998 12.00001 10.00000 0.00000 0.00000 0.00000 1.00000
8.099994659 -4.29998 11.90001 10.00000 0.00000 0.00000 0.00000 1.00000
8.199995041 -4.59999 11.80000 10.00000 0.00000 0.00000 0.00000 1.00000
8.299995422 -4.89999 11.70000 10.00000 0.00000 0.00000 0.00000 1.00000
8.399995804 -5.19999 11.60000 10.00000 0.00000 0.00000 0.00000 1.00000
8.499996185 -5.49999 11.50000 10.00000 0.00000 0.00000 0.00000 1.00000
8.599996567 -5.79999 11.40000 10.00000 0.00000 0.00000 0.00000 1.00000
8.699996948 -6.09999 11.30000 10.00000 0.00000 0.00000 0.00000 1.00000
8.799997330 -6.39999 11.20000 10.00000 0.00000 0.00000 0.00000 1.00000
8.899997711 -6.69999 11.10000 10.00000 0.00000 0.00000 0.00000 1.00000
8.999998093 -6.99999 11.00000 10.00000 0.00000 0.00000 0.00000 1.00000
9.099998474 -7.30000 10.90000 10.00000 0.00000 0.00000 0.00000 1.00000
9.199998856 -7.60000 10.80000 10.00000 0.00000 0.00000 0.00000 1.00000
9.299999237 -7.90000 10.70000 10.00000 0.00000 0.00000 0.00000 1.00000
9.399999619 -8.20000 10.60000 10.00000 0.00000 0.00000 0.00000 1.00000
9.500000000 -8.50000 10.50000 10.00000 0.00000 0.00000 0.00000 1.00000
9.600000381 -8.80000 10.40000 10.00000 0.00000 0.00000 0.00000 1.00000
9.700000763 -9.10000 10.30000 10.00000 0.00000 0.00000 0.00000 1.00000
9.800001144 -9.40000 10.20000 10.00000 0.00000 0.00000 0.00000 1.00000
9.900001526 -9.70000 10.10000 10.00000 0.00000 0.00000 0.00000 1.00000
10.000001907 -10.00001 10.00000 10.00000 0.00000 0.00000 0.00000 1.00000
10.100002289 -10.30001 9.90000 10.00000 0.00000 0.00000 0.00000 1.00000
10.200002670 -10.60001 9.80000 10.00000 0.00000 0.00000 0.00000 1.00000
10.300003052 -10.90001 9.70000 10.00000 0.00000 0.00000 0.00000 1.00000
10.400003433 -11.20001 9.60000 10.00000 0.00000 0.00000 0.00000 1.00000
10.500003815 -11.50001 9.50000 10.00000 0.00000 0.00000 0.00000 1.00000
10.600004196 -11.80001 9.40000 10.00000 0.00000 0.00000 0.00000 1.00000
10.700004578 -12.10001 9.30000 10.00000 0.00000 0.00000 0.00000 1.00000
10.800004959 -12.40001 9.20000 10.00000 0.00000 0.00000 0.00000 1.00000
10.900005341 -12.70002 9.09999 10.00000 0.00000 0.00000 0.00000 1.00000
11.000005722 -13.00002 8.99999 10.00000 0.00000 0.00000 0.00000 1.00000
11.100006104 -13.30002 8.89999 10.00000 0.00000 0.00000 0.00000 1.00000
11.200006485 -13.60002 8.79999 10.00000 0.00000 0.00000 0.00000 1.00000
11.300006866 -13.90002 8.69999 10.00000 0.00000 0.00000 0.00000 1.00000
11.400007248 -14.20002 8.59999 10.00000 0.00000 0.00000 0.00000 1.00000
11.500007629 -14.50002 8.49999 10.00000 0.00000 0.00000 0.00000 1.00000
11.600008011 -14.80002 8.39999 10.00000 0.00000 0.00000 0.00000 1.00000
11.700008392 -15.10003 8.29999 10.00000 0.00000 0.00000 0.00000 1.00000
11.800008774 -15.40003 8.19999 10.00000 0.00000 0.00000 0.00000 1.00000
11.900009155 -15.70003 8.09999 10.00000 0.00000 0.00000 0.00000 1.00000
12.000009537 -16.00003 7.99999 10.00000 0.00000 0.00000 0.00000 1.00000
12.100009918 -16.30003 7.89999 10.00000 0.00000 0.00000 0.00000 1.00000
12.200010300 -16.60003 7.79999 10.00000 0.00000 0.00000 0.00000 1.00000
12.300010681 -16.90003 7.69999 10.00000 0.00000 0.00000 0.00000 1.00000
12.400011063 -17.20003 7.59999 10.00000 0.00000 0.00000 0.00000 1.00000
12.500011444 -17.50003 7.49999 10.00000 0.00000 0.00000 0.00000 1.00000
12.600011826 -17.80004 7.39999 10.00000 0.00000 0.00000 0.00000 1.00000
12.700012207 -18.10004 7.29999 10.00000 0.00000 0.00000 0.00000 1.00000
12.800012589 -18.40004 7.19999 10.00000 0.00000 0.00000 0.00000 1.00000
12.900012970 -18.70004 7.09999 10.00000 0.00000 0.00000 0.00000 1.00000
13.000013351 -19.00004 6.99999 10.00000 0.00000 0.00000 0.00000 1.00000
13.100013733 -19.30004 6.89999 10.00000 0.00000 0.00000 0.00000 1.00000
13.200014114 -19.60004 6.79999 10.00000 0.00000 0.00000 0.00000 1.00000
13.300014496 -19.90004 6.69999 10.00000 0.00000 0.00000 0.00000 1.00000
13.400014877 -20.20004 6.59999 10.00000 0.00000 0.00000 0.00000 1.00000
13.500015259 -20.50005 6.49998 10.00000 0.00000 0.00000 0.00000 1.00000
13.600015640 -20.80005 6.39998 10.00000 0.00000 0.00000 0.00000 1.00000
13.700016022 -21.10005 6.29998 10.00000 0.00000 0.00000 0.00000 1.00000
13.800016403 -21.40005 6.19998 10.00000 0.00000 0.00000 0.00000 1.00000
13.900016785 -21.70005 6.09998 10.00000 0.00000 0.00000 0.00000 1.00000
14.000017166 -22.00005 5.99998 10.00000 0.00000 0.00000 0.00000 1.00000
14.100017548 -22.30005 5.89998 10.00000 0.00000 0.00000 0.00000 1.00000
14.200017929 -22.60005 5.79998 10.00000 0.00000 0.00000 0.00000 1.00000
14.300018311 -22.90005 5.69998 10.00000 0.00000 0.00000 0.00000 1.00000
14.400018692 -23.20006 5.59998 10.00000 0.00000 0.00000 0.00000 1.00000
14.500019073 -23.50006 5.49998 10.00000 0.00000 0.00000 0.00000 1.00000
14.600019455 -23.80006 5.39998 10.00000 0.00000 0.00000 0.00000 1.00000
14.700019836 -24.10006 5.29998 10.00000 0.00000 0.00000 0.00000 1.00000
14.800020218 -24.40006 5.19998 10.00000 0.00000 0.00000 0.00000 1.00000
14.900020599 -24.70006 5.09998 10.00000 0.00000 0.00000 0.00000 1.00000
15.000020981 -25.00006 4.99998 10.00000 0.00000 0.00000 0.00000 1.00000
15.100021362 -25.30006 4.89998 10.00000 0.00000 0.00000 0.00000 1.00000
15.200021744 -25.60007 4.79998 10.00000 0.00000 0.00000 0.00000 1.00000
15.300022125 -25.90007 4.69998 10.00000 0.00000 0.00000 0.00000 1.00000
15.400022507 -26.20007 4.59998 10.00000 0.00000 0.00000 0.00000 1.00000
15.500022888 -26.50007 4.49998 10.00000 0.00000 0.00000 0.00000 1.00000
15.600023270 -26.80007 4.39998 10.00000 0.00000 0.00000 0.00000 1.00000
15.700023651 -27.10007 4.29998 10.00000 0.00000 0.00000 0.00000 1.00000
15.800024033 -27.40007 4.19998 10.00000 0.00000 0.00000 0.00000 1.00000
15.900024414 -27.70007 4.09998 10.00000 0.00000 0.00000 0.00000 1.00000
16.000024796 -28.00007 3.99998 10.00000 0.00000 0.00000 0.00000 1.00000
16.100025177 -28.30008 3.89997 10.00000 0.00000 0.00000 0.00000 1.00000
16.200025558 -28.60008 3.79997 10.00000 0.00000 0.00000 0.00000 1.00000
16.300025940 -28.90008 3.69997 10.00000 0.00000 0.00000 0.00000 1.00000
16.400026321 -29.20008 3.59997 10.00000 0.00000 0.00000 0.00000 1.00000
16.500026703 -29.50008 3.49997 10.00000 0.00000 0.00000 0.00000 1.00000
16.600027084 -29.80008 3.39997 10.00000 0.00000 0.00000 0.00000 1.00000
16.700027466 -30.10008 3.29997 10.00000 0.00000 0.00000 0.00000 1.00000
16.800027847 -30.40008 3.19997 10.00000 0.00000 0.00000 0.00000 1.00000
16.900028229 -30.70008 3.09997 10.00000 0.00000 0.00000 0.00000 1.00000
17.000028610 -31.00009 2.99997 10.00000 0.00000 0.00000 0.00000 1.00000
17.100028992 -31.30009 2.89997 10.00000 0.00000 0.00000 0.00000 1.00000
17.200029373 -31.60009 2.79997 10.00000 0.00000 0.00000 0.00000 1.00000
17.300029755 -31.90009 2.69997 10.00000 0.00000 0.00000 0.00000 1.00000
17.400030136 -32.20009 2.59997 10.00000 0.00000 0.00000 0.00000 1.00000
17.500030518 -32.50009 2.49997 10.00000 0.00000 0.00000 0.00000 1.00000
17.600030899 -32.80009 2.39997 10.00000 0.00000 0.00000 0.00000 1.00000
17.700031281 -33.10009 2.29997 10.00000 0.00000 0.00000 0.00000 1.00000
17.800031662 -33.40009 2.19997 10.00000 0.00000 0.00000 0.00000 1.00000
17.900032043 -33.70010 2.09997 10.00000 0.00000 0.00000 0.00000 1.00000
18.000032425 -34.00010 1.99997 10.00000 0.00000 0.00000 0.00000 1.00000
18.100032806 -34.30010 1.89997 10.00000 0.00000 0.00000 0.00000 1.00000
18.200033188 -34.60010 1.79997 10.00000 0.00000 0.00000 0.00000 1.00000
18.300033569 -34.90010 1.69997 10.00000 0.00000 0.00000 0.00000 1.00000
18.400033951 -35.20010 1.59997 10.00000 0.00000 0.00000 0.00000 1.00000
18.500034332 -35.50010 1.49997 10.00000 0.00000 0.00000 0.00000 1.00000
18.600034714 -35.80010 1.39997 10.00000 0.00000 0.00000 0.00000 1.00000
18.700035095 -36.10011 1.29996 10.00000 0.00000 0.00000 0.00000 1.00000
18.800035477 -36.40011 1.19996 10.00000 0.00000 0.00000 0.00000 1.00000
18.900035858 -36.70011 1.09996 10.00000 0.00000 0.00000 0.00000 1.00000
19.000036240 -37.00011 0.99996 10.00000 0.00000 0.00000 0.00000 1.00000
19.100036621 -37.30011 0.89996 10.00000 0.00000 0.00000 0.00000 1.00000
19.200037003 -37.60011 0.79996 10.00000 0.00000 0.00000 0.00000 1.00000
19.300037384 -37.90011 0.69996 10.00000 0.00000 0.00000 0.00000 1.00000
19.400037766 -38.20011 0.59996 10.00000 0.00000 0.00000 0.00000 1.00000
19.500038147 -38.50011 0.49996 10.00000 0.00000 0.00000 0.00000 1.00000
19.600038528 -38.80012 0.39996 10.00000 0.00000 0.00000 0.00000 1.00000
19.700038910 -39.10012 0.29996 10.00000 0.00000 0.00000 0.00000 1.00000
19.800039291 -39.40012 0.19996 10.00000 0.00000 0.00000 0.00000 1.00000
19.900039673 -39.70012 0.09996 10.00000 0.00000 0.00000 0.00000 1.00000
