0.1 1 -1.10256e-05 -3.83438e-07 4.87032e-07 19.7 19.9 10 1 -1.10256e-05 -3.83438e-07 4.87032e-07 19.7 19.9 10 
0.2 1 -1.04128e-05 -1.18308e-06 -1.36508e-05 19.4 19.8 10 1 -1.04128e-05 -1.18308e-06 -1.36508e-05 19.4 19.8 10 
0.3 1 -1.09917e-05 -1.49712e-05 -1.03016e-07 19.1 19.7 10 1 -1.09917e-05 -1.49712e-05 -1.03016e-07 19.1 19.7 10 
0.4 1 -5.10572e-07 -1.49512e-05 -1.86405e-06 18.8 19.6 10 1 -5.10572e-07 -1.49512e-05 -1.86405e-06 18.8 19.6 10 
0.5 1 -8.2975e-06 -1.21312e-05 2.07433e-07 18.5 19.5 10 1 -8.2975e-06 -1.21312e-05 2.07433e-07 18.5 19.5 10 
0.6 1 -8.22953e-06 -5.28578e-06 -1.06146e-05 18.2 19.4 10 1 -8.22953e-06 -5.28578e-06 -1.06146e-05 18.2 19.4 10 
0.7 1 -1.30514e-05 6.84148e-06 -3.78585e-06 17.9 19.3 10 1 -1.30514e-05 6.84148e-06 -3.78585e-06 17.9 19.3 10 
0.8 1 -2.2763e-05 1.44569e-05 9.56452e-06 17.6 19.2001 10 1 -2.2763e-05 1.44569e-05 9.56452e-06 17.6 19.2001 10 
0.9 1 -1.96653e-05 1.8075e-05 8.62831e-06 17.3 19.1001 10 1 -1.96653e-05 1.8075e-05 8.62831e-06 17.3 19.1001 10 
1 1 -3.27849e-05 1.61926e-05 7.14307e-06 17 19.0001 10.0001 1 -3.27849e-05 1.61926e-05 7.14307e-06 17 19.0001 10.0001 
1.1 1 -3.93944e-05 1.68859e-05 1.6915e-07 16.7 18.9001 10.0001 1 -3.93944e-05 1.68859e-05 1.6915e-07 16.7 18.9001 10.0001 
1.2 1 -4.422e-05 2.58874e-05 3.73319e-06 16.4 18.8002 10.0001 1 -4.422e-05 2.58874e-05 3.73319e-06 16.4 18.8002 10.0001 
1.3 1 -4.71485e-05 5.06091e-05 -7.18878e-06 16.1 18.7002 10.0001 1 -4.71485e-05 5.06091e-05 -7.18878e-06 16.1 18.7002 10.0001 
1.4 1 -3.57139e-05 5.39395e-05 -7.28504e-06 15.8 18.6002 10.0001 1 -3.57139e-05 5.39395e-05 -7.28504e-06 15.8 18.6002 10.0001 
1.5 1 -3.63062e-05 6.47065e-05 -7.27106e-06 15.5 18.5003 10.0001 1 -3.63062e-05 6.47065e-05 -7.27106e-06 15.5 18.5003 10.0001 
1.6 1 -3.72605e-05 6.4034e-05 -9.34574e-06 15.2001 18.4004 10.0001 1 -3.72605e-05 6.4034e-05 -9.34574e-06 15.2001 18.4004 10.0001 
1.7 1 -3.50113e-05 5.40256e-05 -1.64966e-05 14.9002 18.3004 10.0001 1 -3.50113e-05 5.40256e-05 -1.64966e-05 14.9002 18.3004 10.0001 
1.8 1 -3.13352e-05 6.47829e-05 -2.06013e-05 14.6002 18.2005 10.0001 1 -3.13352e-05 6.47829e-05 -2.06013e-05 14.6002 18.2005 10.0001 
1.9 1 -3.57852e-05 6.55615e-05 -2.39549e-05 14.3003 18.1006 10.0002 1 -3.57852e-05 6.55615e-05 -2.39549e-05 14.3003 18.1006 10.0002 
2 1 -4.64098e-05 4.80143e-05 -2.63871e-05 14.0004 18.0007 10.0002 1 -4.64098e-05 4.80143e-05 -2.63871e-05 14.0004 18.0007 10.0002 
2.1 1 -5.65296e-05 3.98146e-05 -3.08212e-05 13.7005 17.9008 10.0002 1 -5.65296e-05 3.98146e-05 -3.08212e-05 13.7005 17.9008 10.0002 
2.2 1 -5.53542e-05 4.66002e-05 -3.56957e-05 13.4006 17.8009 10.0002 1 -5.53542e-05 4.66002e-05 -3.56957e-05 13.4006 17.8009 10.0002 
2.3 1 -5.75419e-05 4.12654e-05 -3.20366e-05 13.1008 17.701 10.0002 1 -5.75419e-05 4.12654e-05 -3.20366e-05 13.1008 17.701 10.0002 
2.4 1 -5.18375e-05 3.44792e-05 -2.81904e-05 12.8009 17.6012 10.0002 1 -5.18375e-05 3.44792e-05 -2.81904e-05 12.8009 17.6012 10.0002 
2.5 1 -4.74305e-05 4.29506e-05 -3.37568e-05 12.501 17.5013 10.0002 1 -4.74305e-05 4.29506e-05 -3.37568e-05 12.501 17.5013 10.0002 
2.6 1 -4.87193e-05 4.06421e-05 -2.67512e-05 12.2012 17.4015 10.0002 1 -4.87193e-05 4.06421e-05 -2.67512e-05 12.2012 17.4015 10.0002 
2.7 1 -4.55664e-05 4.14561e-05 -3.03057e-05 11.9013 17.3016 10.0002 1 -4.55664e-05 4.14561e-05 -3.03057e-05 11.9013 17.3016 10.0002 
2.8 1 -2.74025e-05 3.55672e-05 -2.73649e-05 11.6015 17.2018 10.0002 1 -2.74025e-05 3.55672e-05 -2.73649e-05 11.6015 17.2018 10.0002 
2.9 1 -2.30757e-05 4.73608e-05 -2.73191e-05 11.3016 17.102 10.0002 1 -2.30757e-05 4.73608e-05 -2.73191e-05 11.3016 17.102 10.0002 
3 1 -2.40015e-05 4.11204e-05 -1.65368e-05 11.0018 17.0022 10.0003 1 -2.40015e-05 4.11204e-05 -1.65368e-05 11.0018 17.0022 10.0003 
3.1 1 -3.27626e-05 3.17539e-05 -3.02031e-05 10.702 16.9024 10.0003 1 -3.27626e-05 3.17539e-05 -3.02031e-05 10.702 16.9024 10.0003 
3.2 1 -4.43652e-05 2.76846e-05 -3.52793e-05 10.4022 16.8026 10.0003 1 -4.43652e-05 2.76846e-05 -3.52793e-05 10.4022 16.8026 10.0003 
3.3 1 -5.51989e-05 3.78527e-05 -3.37343e-05 10.1024 16.7028 10.0003 1 -5.51989e-05 3.78527e-05 -3.37343e-05 10.1024 16.7028 10.0003 
3.4 1 -5.72118e-05 3.19141e-05 -1.68595e-05 9.80259 16.603 10.0003 1 -5.72118e-05 3.19141e-05 -1.68595e-05 9.80259 16.603 10.0003 
3.5 1 -6.13287e-05 2.57819e-05 -1.69308e-05 9.50279 16.5032 10.0003 1 -6.13287e-05 2.57819e-05 -1.69308e-05 9.50279 16.5032 10.0003 
3.6 1 -7.20518e-05 2.29343e-05 -2.16842e-08 9.203 16.4034 10.0003 1 -7.20518e-05 2.29343e-05 -2.16842e-08 9.203 16.4034 10.0003 
3.7 1 -5.18378e-05 2.39683e-05 5.51563e-06 8.90321 16.3037 10.0003 1 -5.18378e-05 2.39683e-05 5.51563e-06 8.90321 16.3037 10.0003 
3.8 1 -5.92548e-05 2.67535e-05 5.36915e-06 8.60343 16.204 10.0003 1 -5.92548e-05 2.67535e-05 5.36915e-06 8.60343 16.204 10.0003 
3.9 1 -6.32227e-05 1.96816e-05 -2.80462e-06 8.30366 16.1042 10.0003 1 -6.32227e-05 1.96816e-05 -2.80462e-06 8.30366 16.1042 10.0003 
4 1 -4.61023e-05 2.80114e-05 -1.00028e-05 8.00389 16.0045 10.0003 1 -4.61023e-05 2.80114e-05 -1.00028e-05 8.00389 16.0045 10.0003 
4.1 1 -5.90091e-05 1.75901e-05 -1.03845e-05 7.70412 15.9048 10.0003 1 -5.90091e-05 1.75901e-05 -1.03845e-05 7.70412 15.9048 10.0003 
4.2 1 -6.2139e-05 1.42194e-05 -8.20452e-06 7.40436 15.8051 10.0003 1 -6.2139e-05 1.42194e-05 -8.20452e-06 7.40436 15.8051 10.0003 
4.3 1 -5.5976e-05 1.34549e-05 -1.16473e-05 7.1046 15.7054 10.0003 1 -5.5976e-05 1.34549e-05 -1.16473e-05 7.1046 15.7054 10.0003 
4.4 1 -6.25868e-05 3.14764e-06 -9.36024e-06 6.80485 15.6058 10.0003 1 -6.25868e-05 3.14764e-06 -9.36024e-06 6.80485 15.6058 10.0003 
4.5 1 -6.72578e-05 6.27426e-06 -2.79337e-06 6.50509 15.5061 10.0003 1 -6.72578e-05 6.27426e-06 -2.79337e-06 6.50509 15.5061 10.0003 
4.6 1 -6.76413e-05 9.00046e-06 -5.43532e-06 6.20533 15.4065 10.0003 1 -6.76413e-05 9.00046e-06 -5.43532e-06 6.20533 15.4065 10.0003 
4.7 1 -5.88618e-05 5.4775e-06 -4.89426e-06 5.90558 15.3069 10.0003 1 -5.88618e-05 5.4775e-06 -4.89426e-06 5.90558 15.3069 10.0003 
4.8 1 -5.39035e-05 2.26498e-05 -4.05386e-06 5.60582 15.2072 10.0003 1 -5.39035e-05 2.26498e-05 -4.05386e-06 5.60582 15.2072 10.0003 
4.9 1 -5.7788e-05 1.87325e-05 4.16519e-06 5.30608 15.1076 10.0003 1 -5.7788e-05 1.87325e-05 4.16519e-06 5.30608 15.1076 10.0003 
5 1 -4.77791e-05 1.60119e-05 7.77044e-06 5.00634 15.0081 10.0004 1 -4.77791e-05 1.60119e-05 7.77044e-06 5.00634 15.0081 10.0004 
5.1 1 -3.48824e-05 1.36376e-06 1.53965e-05 4.7066 14.9085 10.0004 1 -3.48824e-05 1.36376e-06 1.53965e-05 4.7066 14.9085 10.0004 
5.2 1 -4.7368e-05 1.38743e-05 3.2984e-05 4.40686 14.8089 10.0004 1 -4.7368e-05 1.38743e-05 3.2984e-05 4.40686 14.8089 10.0004 
5.3 1 -5.33726e-05 1.42736e-05 3.42457e-05 4.10712 14.7093 10.0004 1 -5.33726e-05 1.42736e-05 3.42457e-05 4.10712 14.7093 10.0004 
5.4 1 -7.16271e-05 1.78547e-05 2.84212e-05 3.80739 14.6098 10.0004 1 -7.16271e-05 1.78547e-05 2.84212e-05 3.80739 14.6098 10.0004 
5.5 1 -6.76514e-05 2.85858e-05 1.8752e-05 3.50767 14.5102 10.0004 1 -6.76514e-05 2.85858e-05 1.8752e-05 3.50767 14.5102 10.0004 
5.6 1 -7.94372e-05 1.46952e-05 6.02982e-06 3.20795 14.4107 10.0004 1 -7.94372e-05 1.46952e-05 6.02982e-06 3.20795 14.4107 10.0004 
5.7 1 -8.70489e-05 2.52311e-05 2.12513e-06 2.90823 14.3112 10.0004 1 -8.70489e-05 2.52311e-05 2.12513e-06 2.90823 14.3112 10.0004 
5.8 1 -9.02481e-05 3.42622e-05 3.35541e-06 2.60852 14.2117 10.0004 1 -9.02481e-05 3.42622e-05 3.35541e-06 2.60852 14.2117 10.0004 
5.9 1 -8.6838e-05 3.57309e-05 5.23936e-06 2.30883 14.1122 10.0005 1 -8.6838e-05 3.57309e-05 5.23936e-06 2.30883 14.1122 10.0005 
6 1 -9.49438e-05 3.81288e-05 3.0512e-06 2.00914 14.0127 10.0005 1 -9.49438e-05 3.81288e-05 3.0512e-06 2.00914 14.0127 10.0005 
6.1 1 -9.92786e-05 4.62383e-05 6.4549e-06 1.70946 13.9133 10.0005 1 -9.92786e-05 4.62383e-05 6.4549e-06 1.70946 13.9133 10.0005 
6.2 1 -0.000100617 4.3827e-05 1.96889e-05 1.40979 13.8138 10.0005 1 -0.000100617 4.3827e-05 1.96889e-05 1.40979 13.8138 10.0005 
6.3 1 -0.00010044 4.26385e-05 1.54445e-05 1.11013 13.7144 10.0005 1 -0.00010044 4.26385e-05 1.54445e-05 1.11013 13.7144 10.0005 
6.4 1 -9.27268e-05 2.88861e-05 2.38838e-05 0.810481 13.615 10.0005 1 -9.27268e-05 2.88861e-05 2.38838e-05 0.810481 13.615 10.0005 
6.5 1 -0.00010376 3.12433e-05 2.32828e-05 0.510835 13.5157 10.0005 1 -0.00010376 3.12433e-05 2.32828e-05 0.510835 13.5157 10.0005 
6.6 1 -0.000103447 2.78865e-05 2.3763e-05 0.2112 13.4163 10.0005 1 -0.000103447 2.78865e-05 2.3763e-05 0.2112 13.4163 10.0005 
6.7 1 -8.49825e-05 2.18283e-05 2.85389e-05 -0.0884308 13.317 10.0005 1 -8.49825e-05 2.18283e-05 2.85389e-05 -0.0884308 13.317 10.0005 
6.8 1 -8.43157e-05 2.68306e-05 3.39534e-05 -0.388053 13.2177 10.0005 1 -8.43157e-05 2.68306e-05 3.39534e-05 -0.388053 13.2177 10.0005 
6.9 1 -7.91051e-05 2.74741e-05 3.84132e-05 -0.687673 13.1184 10.0005 1 -7.91051e-05 2.74741e-05 3.84132e-05 -0.687673 13.1184 10.0005 
7 1 -8.56894e-05 3.11998e-05 4.76506e-05 -0.987288 13.0191 10.0005 1 -8.56894e-05 3.11998e-05 4.76506e-05 -0.987288 13.0191 10.0005 
7.1 1 -9.29304e-05 3.61494e-05 5.33227e-05 -1.2869 12.9198 10.0005 1 -9.29304e-05 3.61494e-05 5.33227e-05 -1.2869 12.9198 10.0005 
7.2 1 -0.000103535 5.21067e-05 5.31413e-05 -1.5865 12.8206 10.0005 1 -0.000103535 5.21067e-05 5.31413e-05 -1.5865 12.8206 10.0005 
7.3 1 -0.000105133 5.5276e-05 3.80815e-05 -1.88609 12.7214 10.0005 1 -0.000105133 5.5276e-05 3.80815e-05 -1.88609 12.7214 10.0005 
7.4 1 -9.67695e-05 5.5142e-05 3.56688e-05 -2.18567 12.6222 10.0006 1 -9.67695e-05 5.5142e-05 3.56688e-05 -2.18567 12.6222 10.0006 
7.5 1 -0.000101823 5.51546e-05 3.26806e-05 -2.48523 12.523 10.0006 1 -0.000101823 5.51546e-05 3.26806e-05 -2.48523 12.523 10.0006 
7.6 1 -9.67e-05 4.84534e-05 3.53195e-05 -2.78478 12.4238 10.0006 1 -9.67e-05 4.84534e-05 3.53195e-05 -2.78478 12.4238 10.0006 
7.7 1 -9.91603e-05 5.54864e-05 3.5915e-05 -3.08433 12.3247 10.0006 1 -9.91603e-05 5.54864e-05 3.5915e-05 -3.08433 12.3247 10.0006 
7.79999 1 -9.45915e-05 5.52641e-05 3.05713e-05 -3.38386 12.2255 10.0006 1 -9.45915e-05 5.52641e-05 3.05713e-05 -3.38386 12.2255 10.0006 
7.89999 1 -0.000105823 5.82258e-05 4.09751e-05 -3.68339 12.1264 10.0006 1 -0.000105823 5.82258e-05 4.09751e-05 -3.68339 12.1264 10.0006 
7.99999 1 -9.99491e-05 5.74633e-05 4.40828e-05 -3.9829 12.0273 10.0006 1 -9.99491e-05 5.74633e-05 4.40828e-05 -3.9829 12.0273 10.0006 
8.09999 1 -0.00010355 3.70798e-05 4.37187e-05 -4.28241 11.9283 10.0006 1 -0.00010355 3.70798e-05 4.37187e-05 -4.28241 11.9283 10.0006 
8.2 1 -9.59734e-05 4.07759e-05 4.07349e-05 -4.58191 11.8292 10.0006 1 -9.59734e-05 4.07759e-05 4.07349e-05 -4.58191 11.8292 10.0006 
8.3 1 -9.0964e-05 5.35116e-05 5.7157e-05 -4.88139 11.7302 10.0007 1 -9.0964e-05 5.35116e-05 5.7157e-05 -4.88139 11.7302 10.0007 
8.4 1 -9.67447e-05 4.83656e-05 7.31656e-05 -5.18087 11.6312 10.0007 1 -9.67447e-05 4.83656e-05 7.31656e-05 -5.18087 11.6312 10.0007 
8.5 1 -9.86448e-05 5.92591e-05 5.30245e-05 -5.48033 11.5322 10.0007 1 -9.86448e-05 5.92591e-05 5.30245e-05 -5.48033 11.5322 10.0007 
8.6 1 -9.65012e-05 4.36533e-05 4.07985e-05 -5.77978 11.4332 10.0007 1 -9.65012e-05 4.36533e-05 4.07985e-05 -5.77978 11.4332 10.0007 
8.7 1 -8.88612e-05 4.58125e-05 4.09187e-05 -6.07923 11.3343 10.0007 1 -8.88612e-05 4.58125e-05 4.09187e-05 -6.07923 11.3343 10.0007 
8.8 1 -9.46691e-05 4.00454e-05 6.18409e-05 -6.37867 11.2354 10.0007 1 -9.46691e-05 4.00454e-05 6.18409e-05 -6.37867 11.2354 10.0007 
8.9 1 -9.08956e-05 2.65098e-05 5.71862e-05 -6.6781 11.1364 10.0007 1 -9.08956e-05 2.65098e-05 5.71862e-05 -6.6781 11.1364 10.0007 
9 1 -9.28218e-05 3.18131e-05 4.24808e-05 -6.97753 11.0375 10.0007 1 -9.28218e-05 3.18131e-05 4.24808e-05 -6.97753 11.0375 10.0007 
9.1 1 -9.19402e-05 3.00299e-05 4.4853e-05 -7.27696 10.9387 10.0008 1 -9.19402e-05 3.00299e-05 4.4853e-05 -7.27696 10.9387 10.0008 
9.2 1 -8.69965e-05 1.91478e-05 4.76575e-05 -7.57638 10.8398 10.0008 1 -8.69965e-05 1.91478e-05 4.76575e-05 -7.57638 10.8398 10.0008 
9.3 1 -8.79559e-05 2.474e-05 4.26692e-05 -7.8758 10.741 10.0008 1 -8.79559e-05 2.474e-05 4.26692e-05 -7.8758 10.741 10.0008 
9.4 1 -8.70958e-05 4.73289e-05 3.88275e-05 -8.17521 10.6421 10.0008 1 -8.70958e-05 4.73289e-05 3.88275e-05 -8.17521 10.6421 10.0008 
9.5 1 -9.00857e-05 4.21862e-05 3.04899e-05 -8.47461 10.5433 10.0008 1 -9.00857e-05 4.21862e-05 3.04899e-05 -8.47461 10.5433 10.0008 
9.6 1 -9.34677e-05 4.02529e-05 2.08606e-05 -8.774 10.4445 10.0009 1 -9.34677e-05 4.02529e-05 2.08606e-05 -8.774 10.4445 10.0009 
9.7 1 -8.1991e-05 3.78536e-05 2.11582e-05 -9.07339 10.3457 10.0009 1 -8.1991e-05 3.78536e-05 2.11582e-05 -9.07339 10.3457 10.0009 
9.8 1 -7.17109e-05 2.77952e-05 3.50781e-05 -9.37277 10.247 10.0009 1 -7.17109e-05 2.77952e-05 3.50781e-05 -9.37277 10.247 10.0009 
9.9 1 -6.44016e-05 2.18953e-05 3.94813e-05 -9.67214 10.1482 10.0009 1 -6.44016e-05 2.18953e-05 3.94813e-05 -9.67214 10.1482 10.0009 
10 1 -6.29916e-05 1.39351e-05 3.75626e-05 -9.97151 10.0495 10.001 1 -6.29916e-05 1.39351e-05 3.75626e-05 -9.97151 10.0495 10.001 
10.1 1 -5.46926e-05 1.93246e-05 3.69162e-05 -10.2709 9.95078 10.001 1 -5.46926e-05 1.93246e-05 3.69162e-05 -10.2709 9.95078 10.001 
10.2 1 -5.58612e-05 -9.34039e-06 4.77387e-05 -10.5702 9.85207 10.001 1 -5.58612e-05 -9.34039e-06 4.77387e-05 -10.5702 9.85207 10.001 
10.3 1 -6.33455e-05 -1.24967e-05 5.36276e-05 -10.8696 9.75337 10.001 1 -6.33455e-05 -1.24967e-05 5.36276e-05 -10.8696 9.75337 10.001 
10.4 1 -5.84885e-05 -3.86486e-06 4.69908e-05 -11.169 9.65468 10.001 1 -5.84885e-05 -3.86486e-06 4.69908e-05 -11.169 9.65468 10.001 
10.5 1 -5.04119e-05 -1.44412e-06 3.94691e-05 -11.4683 9.55601 10.0011 1 -5.04119e-05 -1.44412e-06 3.94691e-05 -11.4683 9.55601 10.0011 
10.6 1 -5.4483e-05 1.35021e-05 3.99581e-05 -11.7677 9.45734 10.0011 1 -5.4483e-05 1.35021e-05 3.99581e-05 -11.7677 9.45734 10.0011 
10.7 1 -4.33844e-05 9.58623e-06 3.83405e-05 -12.0671 9.35868 10.0011 1 -4.33844e-05 9.58623e-06 3.83405e-05 -12.0671 9.35868 10.0011 
10.8 1 -3.90543e-05 -1.83607e-06 2.6394e-05 -12.3664 9.26003 10.0011 1 -3.90543e-05 -1.83607e-06 2.6394e-05 -12.3664 9.26003 10.0011 
10.9 1 -3.88796e-05 8.21345e-06 3.07549e-05 -12.6658 9.16139 10.0012 1 -3.88796e-05 8.21345e-06 3.07549e-05 -12.6658 9.16139 10.0012 
11 1 -4.37914e-05 -2.46332e-06 1.2108e-05 -12.9652 9.06276 10.0012 1 -4.37914e-05 -2.46332e-06 1.2108e-05 -12.9652 9.06276 10.0012 
11.1 1 -2.86139e-05 4.03492e-06 9.98108e-06 -13.2645 8.96413 10.0012 1 -2.86139e-05 4.03492e-06 9.98108e-06 -13.2645 8.96413 10.0012 
11.2 1 -1.9131e-05 3.62448e-06 5.90949e-07 -13.5639 8.8655 10.0012 1 -1.9131e-05 3.62448e-06 5.90949e-07 -13.5639 8.8655 10.0012 
11.3 1 -1.93136e-05 2.04422e-05 -8.05117e-06 -13.8632 8.76688 10.0012 1 -1.93136e-05 2.04422e-05 -8.05117e-06 -13.8632 8.76688 10.0012 
11.4 1 -1.28612e-05 2.54169e-05 -1.85795e-05 -14.1626 8.66826 10.0012 1 -1.28612e-05 2.54169e-05 -1.85795e-05 -14.1626 8.66826 10.0012 
11.5 1 -1.01864e-05 2.09357e-05 -1.26202e-05 -14.4619 8.56965 10.0013 1 -1.01864e-05 2.09357e-05 -1.26202e-05 -14.4619 8.56965 10.0013 
11.6 1 -6.67875e-06 1.52714e-05 -4.44368e-06 -14.7613 8.47103 10.0013 1 -6.67875e-06 1.52714e-05 -4.44368e-06 -14.7613 8.47103 10.0013 
11.7 1 -2.80452e-06 3.09921e-05 -7.15301e-06 -15.0606 8.37242 10.0013 1 -2.80452e-06 3.09921e-05 -7.15301e-06 -15.0606 8.37242 10.0013 
11.8 1 4.22315e-07 1.72738e-05 -1.04606e-05 -15.36 8.2738 10.0013 1 4.22315e-07 1.72738e-05 -1.04606e-05 -15.36 8.2738 10.0013 
11.9 1 9.14302e-06 1.17585e-07 1.66071e-07 -15.6593 8.17518 10.0013 1 9.14302e-06 1.17585e-07 1.66071e-07 -15.6593 8.17518 10.0013 
12 1 -2.26129e-07 -2.09456e-06 1.14111e-05 -15.9586 8.07656 10.0014 1 -2.26129e-07 -2.09456e-06 1.14111e-05 -15.9586 8.07656 10.0014 
12.1 1 -5.64011e-06 1.71286e-05 1.87589e-05 -16.258 7.97795 10.0014 1 -5.64011e-06 1.71286e-05 1.87589e-05 -16.258 7.97795 10.0014 
12.2 1 1.13923e-06 1.0202e-05 4.96771e-06 -16.5573 7.87933 10.0014 1 1.13923e-06 1.0202e-05 4.96771e-06 -16.5573 7.87933 10.0014 
12.3 1 -1.87998e-06 2.11113e-05 5.03124e-06 -16.8566 7.78071 10.0014 1 -1.87998e-06 2.11113e-05 5.03124e-06 -16.8566 7.78071 10.0014 
12.4 1 -4.13037e-06 2.45385e-05 7.79299e-06 -17.156 7.68209 10.0015 1 -4.13037e-06 2.45385e-05 7.79299e-06 -17.156 7.68209 10.0015 
12.5 1 -1.08677e-05 1.22321e-05 1.03628e-05 -17.4553 7.58347 10.0015 1 -1.08677e-05 1.22321e-05 1.03628e-05 -17.4553 7.58347 10.0015 
12.6 1 -8.67891e-07 2.79132e-06 2.01227e-05 -17.7546 7.48485 10.0015 1 -8.67891e-07 2.79132e-06 2.01227e-05 -17.7546 7.48485 10.0015 
12.7 1 -1.18693e-05 6.71868e-06 2.77604e-05 -18.0539 7.38623 10.0015 1 -1.18693e-05 6.71868e-06 2.77604e-05 -18.0539 7.38623 10.0015 
12.8 1 -2.26728e-06 2.04638e-06 3.34226e-05 -18.3533 7.28761 10.0015 1 -2.26728e-06 2.04638e-06 3.34226e-05 -18.3533 7.28761 10.0015 
12.9 1 1.8186e-06 4.26809e-06 4.70524e-05 -18.6526 7.18899 10.0016 1 1.8186e-06 4.26809e-06 4.70524e-05 -18.6526 7.18899 10.0016 
13 1 -4.5073e-06 1.66644e-05 6.53267e-05 -18.9519 7.09037 10.0016 1 -4.5073e-06 1.66644e-05 6.53267e-05 -18.9519 7.09037 10.0016 
13.1 1 -8.18663e-06 8.44804e-06 5.91073e-05 -19.2512 6.99176 10.0016 1 -8.18663e-06 8.44804e-06 5.91073e-05 -19.2512 6.99176 10.0016 
13.2 1 -1.53137e-05 2.74304e-06 6.14675e-05 -19.5505 6.89314 10.0016 1 -1.53137e-05 2.74304e-06 6.14675e-05 -19.5505 6.89314 10.0016 
13.3 1 -1.45904e-05 -7.99197e-06 5.8179e-05 -19.8498 6.79452 10.0017 1 -1.45904e-05 -7.99197e-06 5.8179e-05 -19.8498 6.79452 10.0017 
13.4 1 -1.70459e-05 1.00482e-06 7.06112e-05 -20.1492 6.69591 10.0017 1 -1.70459e-05 1.00482e-06 7.06112e-05 -20.1492 6.69591 10.0017 
13.5 1 -1.92214e-05 -1.16112e-07 7.40088e-05 -20.4485 6.5973 10.0017 1 -1.92214e-05 -1.16112e-07 7.40088e-05 -20.4485 6.5973 10.0017 
13.6 1 -2.88186e-06 -5.92998e-06 7.54363e-05 -20.7478 6.49869 10.0017 1 -2.88186e-06 -5.92998e-06 7.54363e-05 -20.7478 6.49869 10.0017 
13.7 1 3.02271e-06 -4.19578e-06 7.48589e-05 -21.0471 6.40008 10.0018 1 3.02271e-06 -4.19578e-06 7.48589e-05 -21.0471 6.40008 10.0018 
13.8 1 -3.34263e-06 -5.60665e-06 6.28485e-05 -21.3464 6.30147 10.0018 1 -3.34263e-06 -5.60665e-06 6.28485e-05 -21.3464 6.30147 10.0018 
13.9 1 -5.64357e-06 -7.14672e-06 6.19831e-05 -21.6458 6.20286 10.0018 1 -5.64357e-06 -7.14672e-06 6.19831e-05 -21.6458 6.20286 10.0018 
14 1 -1.74145e-05 -9.26833e-06 5.2996e-05 -21.9451 6.10424 10.0018 1 -1.74145e-05 -9.26833e-06 5.2996e-05 -21.9451 6.10424 10.0018 
14.1 1 -1.89057e-05 -1.68241e-05 4.97579e-05 -22.2444 6.00563 10.0018 1 -1.89057e-05 -1.68241e-05 4.97579e-05 -22.2444 6.00563 10.0018 
14.2 1 -3.1301e-05 -1.17314e-05 4.50495e-05 -22.5437 5.90703 10.0019 1 -3.1301e-05 -1.17314e-05 4.50495e-05 -22.5437 5.90703 10.0019 
14.3 1 -3.98745e-05 -6.83822e-06 5.45514e-05 -22.8431 5.80843 10.0019 1 -3.98745e-05 -6.83822e-06 5.45514e-05 -22.8431 5.80843 10.0019 
14.4 1 -5.64514e-05 -7.95679e-06 5.76807e-05 -23.1424 5.70984 10.0019 1 -5.64514e-05 -7.95679e-06 5.76807e-05 -23.1424 5.70984 10.0019 
14.5 1 -6.40867e-05 -3.25358e-06 4.77617e-05 -23.4417 5.61126 10.0019 1 -6.40867e-05 -3.25358e-06 4.77617e-05 -23.4417 5.61126 10.0019 
14.6 1 -5.10398e-05 -2.5968e-06 4.72664e-05 -23.7411 5.5127 10.0019 1 -5.10398e-05 -2.5968e-06 4.72664e-05 -23.7411 5.5127 10.0019 
14.7 1 -4.65832e-05 7.37267e-06 3.95586e-05 -24.0404 5.41414 10.002 1 -4.65832e-05 7.37267e-06 3.95586e-05 -24.0404 5.41414 10.002 
14.8 1 -4.04672e-05 2.15336e-06 2.88248e-05 -24.3397 5.31559 10.002 1 -4.04672e-05 2.15336e-06 2.88248e-05 -24.3397 5.31559 10.002 
14.9 1 -3.45841e-05 -2.91177e-06 2.75102e-05 -24.6391 5.21705 10.002 1 -3.45841e-05 -2.91177e-06 2.75102e-05 -24.6391 5.21705 10.002 
15 1 -3.02502e-05 1.89653e-06 2.53223e-05 -24.9384 5.11851 10.002 1 -3.02502e-05 1.89653e-06 2.53223e-05 -24.9384 5.11851 10.002 
15.1 1 -1.75792e-05 -1.43518e-05 3.54943e-05 -25.2377 5.01998 10.002 1 -1.75792e-05 -1.43518e-05 3.54943e-05 -25.2377 5.01998 10.002 
15.2 1 -1.8163e-05 -9.41149e-06 2.86913e-05 -25.537 4.92146 10.0021 1 -1.8163e-05 -9.41149e-06 2.86913e-05 -25.537 4.92146 10.0021 
15.3 1 -2.34693e-06 -6.90869e-06 3.33888e-05 -25.8364 4.82293 10.0021 1 -2.34693e-06 -6.90869e-06 3.33888e-05 -25.8364 4.82293 10.0021 
15.4 1 8.60435e-07 -1.53353e-05 2.21585e-05 -26.1357 4.7244 10.0021 1 8.60435e-07 -1.53353e-05 2.21585e-05 -26.1357 4.7244 10.0021 
15.5 1 -4.96706e-06 -2.02796e-05 2.25968e-05 -26.435 4.62587 10.0021 1 -4.96706e-06 -2.02796e-05 2.25968e-05 -26.435 4.62587 10.0021 
15.6 1 -1.21659e-05 -1.97831e-05 2.8403e-05 -26.7344 4.52735 10.0021 1 -1.21659e-05 -1.97831e-05 2.8403e-05 -26.7344 4.52735 10.0021 
15.7 1 -1.24862e-05 -1.04937e-05 2.79367e-05 -27.0337 4.42883 10.0021 1 -1.24862e-05 -1.04937e-05 2.79367e-05 -27.0337 4.42883 10.0021 
15.8 1 -9.59903e-06 -3.28012e-06 2.67674e-05 -27.3331 4.3303 10.0022 1 -9.59903e-06 -3.28012e-06 2.67674e-05 -27.3331 4.3303 10.0022 
15.9 1 -4.36833e-06 5.53406e-06 3.11565e-05 -27.6324 4.23178 10.0022 1 -4.36833e-06 5.53406e-06 3.11565e-05 -27.6324 4.23178 10.0022 
16 1 -2.34103e-06 -6.04851e-06 2.49796e-05 -27.9318 4.13327 10.0022 1 -2.34103e-06 -6.04851e-06 2.49796e-05 -27.9318 4.13327 10.0022 
16.1 1 -3.15051e-06 1.19982e-05 2.47618e-05 -28.2311 4.03475 10.0022 1 -3.15051e-06 1.19982e-05 2.47618e-05 -28.2311 4.03475 10.0022 
16.2 1 -1.09879e-07 8.27483e-06 1.89759e-05 -28.5304 3.93623 10.0022 1 -1.09879e-07 8.27483e-06 1.89759e-05 -28.5304 3.93623 10.0022 
16.3 1 6.9869e-06 2.54707e-05 7.1749e-06 -28.8298 3.8377 10.0022 1 6.9869e-06 2.54707e-05 7.1749e-06 -28.8298 3.8377 10.0022 
16.4 1 4.11884e-06 2.52462e-05 1.74323e-05 -29.1291 3.73918 10.0023 1 4.11884e-06 2.52462e-05 1.74323e-05 -29.1291 3.73918 10.0023 
16.5 1 5.8736e-06 2.11175e-05 2.31856e-05 -29.4284 3.64065 10.0023 1 5.8736e-06 2.11175e-05 2.31856e-05 -29.4284 3.64065 10.0023 
16.6 1 1.15563e-06 2.72845e-05 3.02746e-05 -29.7277 3.54213 10.0023 1 1.15563e-06 2.72845e-05 3.02746e-05 -29.7277 3.54213 10.0023 
16.7 1 2.28522e-06 4.97458e-05 3.51322e-05 -30.027 3.4436 10.0023 1 2.28522e-06 4.97458e-05 3.51322e-05 -30.027 3.4436 10.0023 
16.8 1 -1.17482e-05 5.60474e-05 2.82726e-05 -30.3263 3.34508 10.0023 1 -1.17482e-05 5.60474e-05 2.82726e-05 -30.3263 3.34508 10.0023 
16.9 1 2.10888e-06 4.07788e-05 2.37429e-05 -30.6256 3.24656 10.0023 1 2.10888e-06 4.07788e-05 2.37429e-05 -30.6256 3.24656 10.0023 
17 1 5.6646e-06 5.63857e-05 1.48179e-05 -30.9249 3.14804 10.0024 1 5.6646e-06 5.63857e-05 1.48179e-05 -30.9249 3.14804 10.0024 
17.1 1 7.24493e-06 5.64599e-05 2.14617e-05 -31.2242 3.04951 10.0024 1 7.24493e-06 5.64599e-05 2.14617e-05 -31.2242 3.04951 10.0024 
17.2 1 2.12319e-05 4.98331e-05 2.87536e-05 -31.5234 2.95098 10.0024 1 2.12319e-05 4.98331e-05 2.87536e-05 -31.5234 2.95098 10.0024 
17.3 1 2.03044e-05 5.50915e-05 2.93201e-05 -31.8227 2.85245 10.0024 1 2.03044e-05 5.50915e-05 2.93201e-05 -31.8227 2.85245 10.0024 
17.4 1 1.77902e-05 4.73459e-05 2.79032e-05 -32.1219 2.75391 10.0024 1 1.77902e-05 4.73459e-05 2.79032e-05 -32.1219 2.75391 10.0024 
17.5 1 2.18339e-05 4.15308e-05 2.06484e-05 -32.4211 2.65537 10.0025 1 2.18339e-05 4.15308e-05 2.06484e-05 -32.4211 2.65537 10.0025 
17.6 1 1.17213e-05 4.99234e-05 1.39684e-05 -32.7204 2.55682 10.0025 1 1.17213e-05 4.99234e-05 1.39684e-05 -32.7204 2.55682 10.0025 
17.7 1 1.19089e-05 4.45344e-05 2.27168e-05 -33.0196 2.45828 10.0025 1 1.19089e-05 4.45344e-05 2.27168e-05 -33.0196 2.45828 10.0025 
17.8 1 9.19318e-06 3.59525e-05 1.47512e-05 -33.3188 2.35973 10.0025 1 9.19318e-06 3.59525e-05 1.47512e-05 -33.3188 2.35973 10.0025 
17.9 1 1.78009e-05 2.69142e-05 1.62889e-05 -33.618 2.26118 10.0026 1 1.78009e-05 2.69142e-05 1.62889e-05 -33.618 2.26118 10.0026 
18 1 2.04542e-05 3.09475e-05 1.93532e-05 -33.9172 2.16262 10.0026 1 2.04542e-05 3.09475e-05 1.93532e-05 -33.9172 2.16262 10.0026 
18.1 1 2.96659e-05 3.9143e-05 1.59854e-05 -34.2163 2.06406 10.0026 1 2.96659e-05 3.9143e-05 1.59854e-05 -34.2163 2.06406 10.0026 
18.2 1 3.46898e-05 3.26577e-05 1.61224e-05 -34.5155 1.96549 10.0026 1 3.46898e-05 3.26577e-05 1.61224e-05 -34.5155 1.96549 10.0026 
18.3 1 3.89076e-05 2.80312e-05 1.57122e-05 -34.8147 1.86691 10.0027 1 3.89076e-05 2.80312e-05 1.57122e-05 -34.8147 1.86691 10.0027 
18.4 1 5.61539e-05 1.65565e-05 2.66671e-05 -35.1139 1.76832 10.0027 1 5.61539e-05 1.65565e-05 2.66671e-05 -35.1139 1.76832 10.0027 
18.5 1 6.17561e-05 2.16222e-05 1.90744e-05 -35.413 1.66972 10.0027 1 6.17561e-05 2.16222e-05 1.90744e-05 -35.413 1.66972 10.0027 
18.6 1 6.88163e-05 8.19209e-06 2.88398e-06 -35.7122 1.5711 10.0027 1 6.88163e-05 8.19209e-06 2.88398e-06 -35.7122 1.5711 10.0027 
18.7 1 7.14225e-05 1.7864e-05 -1.27217e-05 -36.0113 1.47248 10.0028 1 7.14225e-05 1.7864e-05 -1.27217e-05 -36.0113 1.47248 10.0028 
18.8 1 7.69463e-05 2.51197e-05 -3.07745e-06 -36.3105 1.37383 10.0028 1 7.69463e-05 2.51197e-05 -3.07745e-06 -36.3105 1.37383 10.0028 
18.9 1 6.53713e-05 3.63398e-05 1.83018e-06 -36.6096 1.27517 10.0028 1 6.53713e-05 3.63398e-05 1.83018e-06 -36.6096 1.27517 10.0028 
19 1 7.05127e-05 3.97537e-05 6.47438e-07 -36.9088 1.1765 10.0028 1 7.05127e-05 3.97537e-05 6.47438e-07 -36.9088 1.1765 10.0028 
19.1 1 7.38131e-05 3.87533e-05 2.15941e-05 -37.2079 1.07781 10.0029 1 7.38131e-05 3.87533e-05 2.15941e-05 -37.2079 1.07781 10.0029 
19.2 1 7.54295e-05 2.91799e-05 2.18504e-05 -37.507 0.979116 10.0029 1 7.54295e-05 2.91799e-05 2.18504e-05 -37.507 0.979116 10.0029 
19.3 1 8.18419e-05 3.64527e-05 1.5355e-05 -37.8062 0.880402 10.0029 1 8.18419e-05 3.64527e-05 1.5355e-05 -37.8062 0.880402 10.0029 
19.4 1 7.39402e-05 3.1489e-05 2.65175e-05 -38.1053 0.781674 10.003 1 7.39402e-05 3.1489e-05 2.65175e-05 -38.1053 0.781674 10.003 
19.5 1 8.4274e-05 3.12141e-05 1.47796e-05 -38.4044 0.682934 10.003 1 8.4274e-05 3.12141e-05 1.47796e-05 -38.4044 0.682934 10.003 
19.6 1 9.18451e-05 3.08128e-05 1.26335e-05 -38.7035 0.584175 10.003 1 9.18451e-05 3.08128e-05 1.26335e-05 -38.7035 0.584175 10.003 
19.7 1 8.91119e-05 2.32828e-05 1.23299e-05 -39.0026 0.4854 10.0031 1 8.91119e-05 2.32828e-05 1.23299e-05 -39.0026 0.4854 10.0031 
19.8 1 9.3084e-05 3.60757e-05 1.01283e-05 -39.3016 0.386609 10.0031 1 9.3084e-05 3.60757e-05 1.01283e-05 -39.3016 0.386609 10.0031 
19.9 1 8.86363e-05 3.7327e-05 4.95806e-06 -39.6007 0.287797 10.0032 1 8.86363e-05 3.7327e-05 4.95806e-06 -39.6007 0.287797 10.0032 
