0.1 1 0 0 0 19.7 19.9 10 1 0 0 0 19.7 19.9 10 
0.2 1 0 0 0 19.4 19.8 10 1 0 0 0 19.4 19.8 10 
0.3 1 0 0 0 19.1 19.7 10 1 0 0 0 19.1 19.7 10 
0.4 1 0 0 0 18.8 19.6 10 1 0 0 0 18.8 19.6 10 
0.5 1 0 0 0 18.5 19.5 10 1 0 0 0 18.5 19.5 10 
0.6 1 0 0 0 18.2 19.4 10 1 0 0 0 18.2 19.4 10 
0.7 1 0 0 0 17.9 19.3 10 1 0 0 0 17.9 19.3 10 
0.8 1 0 0 0 17.6 19.2 10 1 0 0 0 17.6 19.2 10 
0.9 1 0 0 0 17.3 19.1 10 1 0 0 0 17.3 19.1 10 
1 1 0 0 0 17 19 10 1 0 0 0 17 19 10 
1.1 1 0 0 0 16.7 18.9 10 1 0 0 0 16.7 18.9 10 
1.2 1 0 0 0 16.4 18.8 10 1 0 0 0 16.4 18.8 10 
1.3 1 0 0 0 16.1 18.7 10 1 0 0 0 16.1 18.7 10 
1.4 1 0 0 0 15.8 18.6 10 1 0 0 0 15.8 18.6 10 
1.5 1 0 0 0 15.5 18.5 10 1 0 0 0 15.5 18.5 10 
1.6 1 0 0 0 15.2 18.4 10 1 0 0 0 15.2 18.4 10 
1.7 1 0 0 0 14.9 18.3 10 1 0 0 0 14.9 18.3 10 
1.8 1 0 0 0 14.6 18.2 10 1 0 0 0 14.6 18.2 10 
1.9 1 0 0 0 14.3 18.1 10 1 0 0 0 14.3 18.1 10 
2 1 0 0 0 14 18 10 1 0 0 0 14 18 10 
2.1 1 0 0 0 13.7 17.9 10 1 0 0 0 13.7 17.9 10 
2.2 1 0 0 0 13.4 17.8 10 1 0 0 0 13.4 17.8 10 
2.3 1 0 0 0 13.1 17.7 10 1 0 0 0 13.1 17.7 10 
2.4 1 0 0 0 12.8 17.6 10 1 0 0 0 12.8 17.6 10 
2.5 1 0 0 0 12.5 17.5 10 1 0 0 0 12.5 17.5 10 
2.6 1 0 0 0 12.2 17.4 10 1 0 0 0 12.2 17.4 10 
2.7 1 0 0 0 11.9 17.3 10 1 0 0 0 11.9 17.3 10 
2.8 1 0 0 0 11.6 17.2 10 1 0 0 0 11.6 17.2 10 
2.9 1 0 0 0 11.3 17.1 10 1 0 0 0 11.3 17.1 10 
3 1 0 0 0 11 17 10 1 0 0 0 11 17 10 
3.1 1 0 0 0 10.7 16.9 10 1 0 0 0 10.7 16.9 10 
3.2 1 0 0 0 10.4 16.8 10 1 0 0 0 10.4 16.8 10 
3.3 1 0 0 0 10.1 16.7 10 1 0 0 0 10.1 16.7 10 
3.4 1 0 0 0 9.8 16.6 10 1 0 0 0 9.8 16.6 10 
3.5 1 0 0 0 9.5 16.5 10 1 0 0 0 9.5 16.5 10 
3.6 1 0 0 0 9.2 16.4 10 1 0 0 0 9.2 16.4 10 
3.7 1 0 0 0 8.9 16.3 10 1 0 0 0 8.9 16.3 10 
3.8 1 0 0 0 8.6 16.2 10 1 0 0 0 8.6 16.2 10 
3.9 1 0 0 0 8.3 16.1 10 1 0 0 0 8.3 16.1 10 
4 1 0 0 0 8 16 10 1 0 0 0 8 16 10 
4.1 1 0 0 0 7.7 15.9 10 1 0 0 0 7.7 15.9 10 
4.2 1 0 0 0 7.4 15.8 10 1 0 0 0 7.4 15.8 10 
4.3 1 0 0 0 7.1 15.7 10 1 0 0 0 7.1 15.7 10 
4.4 1 0 0 0 6.8 15.6 10 1 0 0 0 6.8 15.6 10 
4.5 1 0 0 0 6.5 15.5 10 1 0 0 0 6.5 15.5 10 
4.6 1 0 0 0 6.2 15.4 10 1 0 0 0 6.2 15.4 10 
4.7 1 0 0 0 5.9 15.3 10 1 0 0 0 5.9 15.3 10 
4.8 1 0 0 0 5.6 15.2 10 1 0 0 0 5.6 15.2 10 
4.9 1 0 0 0 5.3 15.1 10 1 0 0 0 5.3 15.1 10 
5 1 0 0 0 5 15 10 1 0 0 0 5 15 10 
5.1 1 0 0 0 4.7 14.9 10 1 0 0 0 4.7 14.9 10 
5.2 1 0 0 0 4.4 14.8 10 1 0 0 0 4.4 14.8 10 
5.3 1 0 0 0 4.1 14.7 10 1 0 0 0 4.1 14.7 10 
5.4 1 0 0 0 3.8 14.6 10 1 0 0 0 3.8 14.6 10 
5.5 1 0 0 0 3.5 14.5 10 1 0 0 0 3.5 14.5 10 
5.6 1 0 0 0 3.2 14.4 10 1 0 0 0 3.2 14.4 10 
5.7 1 0 0 0 2.9 14.3 10 1 0 0 0 2.9 14.3 10 
5.8 1 0 0 0 2.6 14.2 10 1 0 0 0 2.6 14.2 10 
5.9 1 0 0 0 2.3 14.1 10 1 0 0 0 2.3 14.1 10 
6 1 0 0 0 2 14 10 1 0 0 0 2 14 10 
6.1 1 0 0 0 1.7 13.9 10 1 0 0 0 1.7 13.9 10 
6.2 1 0 0 0 1.4 13.8 10 1 0 0 0 1.4 13.8 10 
6.3 1 0 0 0 1.1 13.7 10 1 0 0 0 1.1 13.7 10 
6.4 1 0 0 0 0.8 13.6 10 1 0 0 0 0.8 13.6 10 
6.5 1 0 0 0 0.5 13.5 10 1 0 0 0 0.5 13.5 10 
6.6 1 0 0 0 0.2 13.4 10 1 0 0 0 0.2 13.4 10 
6.7 1 0 0 0 -0.1 13.3 10 1 0 0 0 -0.1 13.3 10 
6.8 1 0 0 0 -0.4 13.2 10 1 0 0 0 -0.4 13.2 10 
6.9 1 0 0 0 -0.7 13.1 10 1 0 0 0 -0.7 13.1 10 
7 1 0 0 0 -1 13 10 1 0 0 0 -1 13 10 
7.1 1 0 0 0 -1.3 12.9 10 1 0 0 0 -1.3 12.9 10 
7.2 1 0 0 0 -1.6 12.8 10 1 0 0 0 -1.6 12.8 10 
7.3 1 0 0 0 -1.9 12.7 10 1 0 0 0 -1.9 12.7 10 
7.4 1 0 0 0 -2.2 12.6 10 1 0 0 0 -2.2 12.6 10 
7.5 1 0 0 0 -2.5 12.5 10 1 0 0 0 -2.5 12.5 10 
7.6 1 0 0 0 -2.8 12.4 10 1 0 0 0 -2.8 12.4 10 
7.7 1 0 0 0 -3.1 12.3 10 1 0 0 0 -3.1 12.3 10 
7.79999 1 0 0 0 -3.4 12.2 10 1 0 0 0 -3.4 12.2 10 
7.89999 1 0 0 0 -3.7 12.1 10 1 0 0 0 -3.7 12.1 10 
7.99999 1 0 0 0 -4 12 10 1 0 0 0 -4 12 10 
8.09999 1 0 0 0 -4.3 11.9 10 1 0 0 0 -4.3 11.9 10 
8.2 1 0 0 0 -4.6 11.8 10 1 0 0 0 -4.6 11.8 10 
8.3 1 0 0 0 -4.9 11.7 10 1 0 0 0 -4.9 11.7 10 
8.4 1 0 0 0 -5.2 11.6 10 1 0 0 0 -5.2 11.6 10 
8.5 1 0 0 0 -5.5 11.5 10 1 0 0 0 -5.5 11.5 10 
8.6 1 0 0 0 -5.8 11.4 10 1 0 0 0 -5.8 11.4 10 
8.7 1 0 0 0 -6.1 11.3 10 1 0 0 0 -6.1 11.3 10 
8.8 1 0 0 0 -6.4 11.2 10 1 0 0 0 -6.4 11.2 10 
8.9 1 0 0 0 -6.7 11.1 10 1 0 0 0 -6.7 11.1 10 
9 1 0 0 0 -7 11 10 1 0 0 0 -7 11 10 
9.1 1 0 0 0 -7.3 10.9 10 1 0 0 0 -7.3 10.9 10 
9.2 1 0 0 0 -7.6 10.8 10 1 0 0 0 -7.6 10.8 10 
9.3 1 0 0 0 -7.9 10.7 10 1 0 0 0 -7.9 10.7 10 
9.4 1 0 0 0 -8.2 10.6 10 1 0 0 0 -8.2 10.6 10 
9.5 1 0 0 0 -8.5 10.5 10 1 0 0 0 -8.5 10.5 10 
9.6 1 0 0 0 -8.8 10.4 10 1 0 0 0 -8.8 10.4 10 
9.7 1 0 0 0 -9.1 10.3 10 1 0 0 0 -9.1 10.3 10 
9.8 1 0 0 0 -9.4 10.2 10 1 0 0 0 -9.4 10.2 10 
9.9 1 0 0 0 -9.7 10.1 10 1 0 0 0 -9.7 10.1 10 
10 1 0 0 0 -10 10 10 1 0 0 0 -10 10 10 
10.1 1 0 0 0 -10.3 9.9 10 1 0 0 0 -10.3 9.9 10 
10.2 1 0 0 0 -10.6 9.8 10 1 0 0 0 -10.6 9.8 10 
10.3 1 0 0 0 -10.9 9.7 10 1 0 0 0 -10.9 9.7 10 
10.4 1 0 0 0 -11.2 9.6 10 1 0 0 0 -11.2 9.6 10 
10.5 1 0 0 0 -11.5 9.5 10 1 0 0 0 -11.5 9.5 10 
10.6 1 0 0 0 -11.8 9.4 10 1 0 0 0 -11.8 9.4 10 
10.7 1 0 0 0 -12.1 9.3 10 1 0 0 0 -12.1 9.3 10 
10.8 1 0 0 0 -12.4 9.2 10 1 0 0 0 -12.4 9.2 10 
10.9 1 0 0 0 -12.7 9.1 10 1 0 0 0 -12.7 9.1 10 
11 1 0 0 0 -13 9 10 1 0 0 0 -13 9 10 
11.1 1 0 0 0 -13.3 8.9 10 1 0 0 0 -13.3 8.9 10 
11.2 1 0 0 0 -13.6 8.8 10 1 0 0 0 -13.6 8.8 10 
11.3 1 0 0 0 -13.9 8.7 10 1 0 0 0 -13.9 8.7 10 
11.4 1 0 0 0 -14.2 8.6 10 1 0 0 0 -14.2 8.6 10 
11.5 1 0 0 0 -14.5 8.5 10 1 0 0 0 -14.5 8.5 10 
11.6 1 0 0 0 -14.8 8.4 10 1 0 0 0 -14.8 8.4 10 
11.7 1 0 0 0 -15.1 8.3 10 1 0 0 0 -15.1 8.3 10 
11.8 1 0 0 0 -15.4 8.2 10 1 0 0 0 -15.4 8.2 10 
11.9 1 0 0 0 -15.7 8.1 10 1 0 0 0 -15.7 8.1 10 
12 1 0 0 0 -16 8 10 1 0 0 0 -16 8 10 
12.1 1 0 0 0 -16.3 7.9 10 1 0 0 0 -16.3 7.9 10 
12.2 1 0 0 0 -16.6 7.8 10 1 0 0 0 -16.6 7.8 10 
12.3 1 0 0 0 -16.9 7.7 10 1 0 0 0 -16.9 7.7 10 
12.4 1 0 0 0 -17.2 7.6 10 1 0 0 0 -17.2 7.6 10 
12.5 1 0 0 0 -17.5 7.5 10 1 0 0 0 -17.5 7.5 10 
12.6 1 0 0 0 -17.8 7.4 10 1 0 0 0 -17.8 7.4 10 
12.7 1 0 0 0 -18.1 7.3 10 1 0 0 0 -18.1 7.3 10 
12.8 1 0 0 0 -18.4 7.2 10 1 0 0 0 -18.4 7.2 10 
12.9 1 0 0 0 -18.7 7.1 10 1 0 0 0 -18.7 7.1 10 
13 1 0 0 0 -19 7 10 1 0 0 0 -19 7 10 
13.1 1 0 0 0 -19.3 6.9 10 1 0 0 0 -19.3 6.9 10 
13.2 1 0 0 0 -19.6 6.8 10 1 0 0 0 -19.6 6.8 10 
13.3 1 0 0 0 -19.9 6.7 10 1 0 0 0 -19.9 6.7 10 
13.4 1 0 0 0 -20.2 6.6 10 1 0 0 0 -20.2 6.6 10 
13.5 1 0 0 0 -20.5 6.5 10 1 0 0 0 -20.5 6.5 10 
13.6 1 0 0 0 -20.8 6.4 10 1 0 0 0 -20.8 6.4 10 
13.7 1 0 0 0 -21.1 6.3 10 1 0 0 0 -21.1 6.3 10 
13.8 1 0 0 0 -21.4 6.2 10 1 0 0 0 -21.4 6.2 10 
13.9 1 0 0 0 -21.7 6.1 10 1 0 0 0 -21.7 6.1 10 
14 1 0 0 0 -22 6 10 1 0 0 0 -22 6 10 
14.1 1 0 0 0 -22.3 5.9 10 1 0 0 0 -22.3 5.9 10 
14.2 1 0 0 0 -22.6 5.8 10 1 0 0 0 -22.6 5.8 10 
14.3 1 0 0 0 -22.9 5.7 10 1 0 0 0 -22.9 5.7 10 
14.4 1 0 0 0 -23.2 5.6 10 1 0 0 0 -23.2 5.6 10 
14.5 1 0 0 0 -23.5 5.5 10 1 0 0 0 -23.5 5.5 10 
14.6 1 0 0 0 -23.8 5.4 10 1 0 0 0 -23.8 5.4 10 
14.7 1 0 0 0 -24.1 5.3 10 1 0 0 0 -24.1 5.3 10 
14.8 1 0 0 0 -24.4 5.2 10 1 0 0 0 -24.4 5.2 10 
14.9 1 0 0 0 -24.7 5.1 10 1 0 0 0 -24.7 5.1 10 
15 1 0 0 0 -25 5 10 1 0 0 0 -25 5 10 
15.1 1 0 0 0 -25.3 4.9 10 1 0 0 0 -25.3 4.9 10 
15.2 1 0 0 0 -25.6 4.8 10 1 0 0 0 -25.6 4.8 10 
15.3 1 0 0 0 -25.9 4.7 10 1 0 0 0 -25.9 4.7 10 
15.4 1 0 0 0 -26.2 4.6 10 1 0 0 0 -26.2 4.6 10 
15.5 1 0 0 0 -26.5 4.5 10 1 0 0 0 -26.5 4.5 10 
15.6 1 0 0 0 -26.8 4.4 10 1 0 0 0 -26.8 4.4 10 
15.7 1 0 0 0 -27.1 4.3 10 1 0 0 0 -27.1 4.3 10 
15.8 1 0 0 0 -27.4 4.2 10 1 0 0 0 -27.4 4.2 10 
15.9 1 0 0 0 -27.7 4.1 10 1 0 0 0 -27.7 4.1 10 
16 1 0 0 0 -28 4 10 1 0 0 0 -28 4 10 
16.1 1 0 0 0 -28.3 3.9 10 1 0 0 0 -28.3 3.9 10 
16.2 1 0 0 0 -28.6 3.8 10 1 0 0 0 -28.6 3.8 10 
16.3 1 0 0 0 -28.9 3.7 10 1 0 0 0 -28.9 3.7 10 
16.4 1 0 0 0 -29.2 3.6 10 1 0 0 0 -29.2 3.6 10 
16.5 1 0 0 0 -29.5 3.5 10 1 0 0 0 -29.5 3.5 10 
16.6 1 0 0 0 -29.8 3.4 10 1 0 0 0 -29.8 3.4 10 
16.7 1 0 0 0 -30.1 3.3 10 1 0 0 0 -30.1 3.3 10 
16.8 1 0 0 0 -30.4 3.2 10 1 0 0 0 -30.4 3.2 10 
16.9 1 0 0 0 -30.7 3.1 10 1 0 0 0 -30.7 3.1 10 
17 1 0 0 0 -31 3 10 1 0 0 0 -31 3 10 
17.1 1 0 0 0 -31.3 2.9 10 1 0 0 0 -31.3 2.9 10 
17.2 1 0 0 0 -31.6 2.8 10 1 0 0 0 -31.6 2.8 10 
17.3 1 0 0 0 -31.9 2.7 10 1 0 0 0 -31.9 2.7 10 
17.4 1 0 0 0 -32.2 2.6 10 1 0 0 0 -32.2 2.6 10 
17.5 1 0 0 0 -32.5 2.5 10 1 0 0 0 -32.5 2.5 10 
17.6 1 0 0 0 -32.8 2.4 10 1 0 0 0 -32.8 2.4 10 
17.7 1 0 0 0 -33.1 2.3 10 1 0 0 0 -33.1 2.3 10 
17.8 1 0 0 0 -33.4 2.2 10 1 0 0 0 -33.4 2.2 10 
17.9 1 0 0 0 -33.7 2.1 10 1 0 0 0 -33.7 2.1 10 
18 1 0 0 0 -34 2 10 1 0 0 0 -34 2 10 
18.1 1 0 0 0 -34.3 1.9 10 1 0 0 0 -34.3 1.9 10 
18.2 1 0 0 0 -34.6 1.8 10 1 0 0 0 -34.6 1.8 10 
18.3 1 0 0 0 -34.9 1.7 10 1 0 0 0 -34.9 1.7 10 
18.4 1 0 0 0 -35.2 1.6 10 1 0 0 0 -35.2 1.6 10 
18.5 1 0 0 0 -35.5 1.5 10 1 0 0 0 -35.5 1.5 10 
18.6 1 0 0 0 -35.8 1.4 10 1 0 0 0 -35.8 1.4 10 
18.7 1 0 0 0 -36.1 1.3 10 1 0 0 0 -36.1 1.3 10 
18.8 1 0 0 0 -36.4 1.2 10 1 0 0 0 -36.4 1.2 10 
18.9 1 0 0 0 -36.7 1.1 10 1 0 0 0 -36.7 1.1 10 
19 1 0 0 0 -37 1 10 1 0 0 0 -37 1 10 
19.1 1 0 0 0 -37.3 0.9 10 1 0 0 0 -37.3 0.9 10 
19.2 1 0 0 0 -37.6 0.8 10 1 0 0 0 -37.6 0.8 10 
19.3 1 0 0 0 -37.9 0.7 10 1 0 0 0 -37.9 0.7 10 
19.4 1 0 0 0 -38.2 0.6 10 1 0 0 0 -38.2 0.6 10 
19.5 1 0 0 0 -38.5 0.5 10 1 0 0 0 -38.5 0.5 10 
19.6 1 0 0 0 -38.8 0.4 10 1 0 0 0 -38.8 0.4 10 
19.7 1 0 0 0 -39.1 0.3 10 1 0 0 0 -39.1 0.3 10 
19.8 1 0 0 0 -39.4 0.2 10 1 0 0 0 -39.4 0.2 10 
19.9 1 0 0 0 -39.7 0.1 10 1 0 0 0 -39.7 0.1 10 
