0 1 0 0 0 20 20 10 5.19826e-06 0.00014267 -0.000105297 -0.000211062 -0.000110472 9.80995 5.19826e-06 0.00014267 -0.000105297 -3.00029 -0.999909 7.97689e-05 
0.1 1 0 0 0 19.7 19.9 10 -0.000105648 -0.000273803 -6.89021e-05 -0.000199991 2.63646e-05 9.81016 -0.000105648 -0.000273803 -6.89021e-05 -2.99995 -1.00012 3.01242e-05 
0.2 1 0 0 0 19.4 19.8 10 4.86047e-05 0.000128286 -0.000130988 -0.000148739 0.00024771 9.81015 4.86047e-05 0.000128286 -0.000130988 -2.9999 -1.00008 0.000305469 
0.3 1 0 0 0 19.1 19.7 10 -7.52358e-05 9.34607e-05 -0.000284755 -7.17816e-05 9.88161e-06 9.80985 -7.52358e-05 9.34607e-05 -0.000284755 -3.00016 -1.00011 0.000148836 
0.4 1 0 0 0 18.8 19.6 10 5.89426e-05 8.99172e-05 -2.34632e-06 -5.05206e-05 -0.00019436 9.81001 5.89426e-05 8.99172e-05 -2.34632e-06 -3.00009 -1.00001 3.55544e-05 
0.5 1 0 0 0 18.5 19.5 10 5.53567e-05 -0.00013639 -0.000117272 -0.000368096 0.000131117 9.80996 5.53567e-05 -0.00013639 -0.000117272 -3.0002 -1.00017 -2.97868e-05 
0.6 1 0 0 0 18.2 19.4 10 -9.43004e-05 -0.000165102 0.000202601 -0.000103385 0.000184111 9.81 -9.43004e-05 -0.000165102 0.000202601 -3.00022 -0.999999 -0.000169128 
0.7 1 0 0 0 17.9 19.3 10 0.000138288 5.74137e-05 -6.77934e-05 -0.000188218 3.39784e-05 9.80998 0.000138288 5.74137e-05 -6.77934e-05 -3.00002 -0.999976 -0.00019669 
0.8 1 0 0 0 17.6 19.2 10 -0.000184737 8.81357e-05 -2.74919e-05 6.43441e-05 0.000104331 9.81001 -0.000184737 8.81357e-05 -2.74919e-05 -3.0002 -0.999876 -0.000128617 
0.9 1 0 0 0 17.3 19.1 10 0.000156803 -0.000195088 -3.64529e-06 0.000153867 -5.6401e-05 9.81013 0.000156803 -0.000195088 -3.64529e-06 -3.00009 -0.999967 -0.000174023 
1 1 0 0 0 17 19 10 -0.000179316 0.000133364 -1.22078e-05 -0.000209078 -2.05524e-05 9.81002 -0.000179316 0.000133364 -1.22078e-05 -3.00024 -1.00003 5.41716e-05 
1.1 1 0 0 0 16.7 18.9 10 0.000204145 0.000196163 -2.47503e-05 0.000152796 -0.000240366 9.80997 0.000204145 0.000196163 -2.47503e-05 -3.00014 -1.00016 1.47225e-05 
1.2 1 0 0 0 16.4 18.8 10 2.97686e-05 0.000116152 5.14077e-05 0.000132384 -3.98331e-05 9.80994 2.97686e-05 0.000116152 5.14077e-05 -2.99982 -1.00017 -0.000116078 
1.3 1 0 0 0 16.1 18.7 10 0.000124312 -1.59556e-06 -0.000138768 0.000201436 -2.61098e-05 9.81001 0.000124312 -1.59556e-06 -0.000138768 -3 -0.999922 0.000247112 
1.4 1 0 0 0 15.8 18.6 10 -0.000201852 -0.000120291 -0.00031174 0.000105487 3.92251e-05 9.80986 -0.000201852 -0.000120291 -0.00031174 -2.99972 -0.999916 7.26106e-05 
1.5 1 0 0 0 15.5 18.5 10 -0.000145682 -0.000121366 -0.000100769 9.42097e-06 1.77758e-05 9.80985 -0.000145682 -0.000121366 -0.000100769 -3.0001 -0.999647 6.35168e-05 
1.6 1 0 0 0 15.2 18.4 10 -0.000123255 -0.000165009 0.000104809 0.000143195 7.10189e-05 9.81009 -0.000123255 -0.000165009 0.000104809 -3.00029 -0.999841 -5.00664e-05 
1.7 1 0 0 0 14.9 18.3 10 0.00027032 -0.000304884 9.97078e-05 4.14503e-05 6.31801e-06 9.81003 0.00027032 -0.000304884 9.97078e-05 -3.00009 -1.00011 -0.000145011 
1.8 1 0 0 0 14.6 18.2 10 -0.000133455 -0.00014724 0.000296117 0.000130343 0.000207073 9.81001 -0.000133455 -0.00014724 0.000296117 -3.0002 -0.999766 3.69606e-05 
1.9 1 0 0 0 14.3 18.1 10 -4.40766e-05 -0.000182131 -1.91542e-05 -4.10839e-05 0.000189897 9.80983 -4.40766e-05 -0.000182131 -1.91542e-05 -2.99975 -0.999995 2.30789e-05 
2 1 0 0 0 14 18 10 4.93578e-05 0.000200254 -0.00018199 5.03593e-05 4.40212e-05 9.80997 4.93578e-05 0.000200254 -0.00018199 -3.00019 -0.999797 -0.000264446 
2.1 1 0 0 0 13.7 17.9 10 0.000113371 0.000178349 -0.000105726 0.000172267 1.75483e-05 9.80981 0.000113371 0.000178349 -0.000105726 -3.00015 -1.00008 -0.000226266 
2.2 1 0 0 0 13.4 17.8 10 0.000341249 0.000125546 -4.55086e-06 -1.56889e-05 -6.1055e-05 9.81026 0.000341249 0.000125546 -4.55086e-06 -3.00012 -0.999963 -5.32421e-05 
2.3 1 0 0 0 13.1 17.7 10 -0.000254065 0.000167566 6.29731e-05 -5.20094e-06 0.000140312 9.81014 -0.000254065 0.000167566 6.29731e-05 -3.00023 -0.999651 7.14241e-05 
2.4 1 0 0 0 12.8 17.6 10 4.9904e-05 -0.000156704 3.62363e-05 -8.16797e-05 5.88736e-05 9.81015 4.9904e-05 -0.000156704 3.62363e-05 -2.99992 -1.00012 9.69491e-05 
2.5 1 0 0 0 12.5 17.5 10 4.31856e-05 0.000174846 9.69079e-05 -7.39951e-05 -5.08406e-05 9.80975 4.31856e-05 0.000174846 9.69079e-05 -3.00012 -0.999814 -6.74712e-05 
2.6 1 0 0 0 12.2 17.4 10 0.000121002 1.35392e-05 2.82568e-05 -9.5064e-05 0.000153337 9.80986 0.000121002 1.35392e-05 2.82568e-05 -3.00013 -0.999934 4.61148e-05 
2.7 1 0 0 0 11.9 17.3 10 4.68553e-05 8.27324e-05 -5.61776e-06 0.000252079 -2.78574e-05 9.80983 4.68553e-05 8.27324e-05 -5.61776e-06 -3.00006 -1.00007 0.000137826 
2.8 1 0 0 0 11.6 17.2 10 -2.52947e-05 0.000167996 -0.000196418 3.6516e-05 0.0001694 9.81009 -2.52947e-05 0.000167996 -0.000196418 -2.99992 -0.999948 -0.000236526 
2.9 1 0 0 0 11.3 17.1 10 5.42813e-05 -0.000176503 -0.000148596 -0.000128948 0.000248685 9.8099 5.42813e-05 -0.000176503 -0.000148596 -2.99992 -0.999908 -6.66532e-05 
3 1 0 0 0 11 17 10 0.000146176 0.000289098 8.05237e-05 0.000348124 0.000226072 9.81004 0.000146176 0.000289098 8.05237e-05 -3 -0.999968 0.000207936 
3.1 1 0 0 0 10.7 16.9 10 -8.06631e-05 -0.000115954 -0.000132639 -8.34751e-05 5.23675e-06 9.80987 -8.06631e-05 -0.000115954 -0.000132639 -2.99993 -1.00005 0.000100389 
3.2 1 0 0 0 10.4 16.8 10 -4.93903e-05 -0.000214098 -0.00017185 -0.000167218 0.000120056 9.80989 -4.93903e-05 -0.000214098 -0.00017185 -2.99977 -0.999509 0.000101042 
3.3 1 0 0 0 10.1 16.7 10 7.23613e-05 -0.000139171 -0.000181291 6.88135e-05 -0.000154912 9.8098 7.23613e-05 -0.000139171 -0.000181291 -2.99988 -1.00006 -0.000103157 
3.4 1 0 0 0 9.8 16.6 10 -0.000102397 -0.000141099 0.000105197 -2.09912e-05 -0.00018608 9.80978 -0.000102397 -0.000141099 0.000105197 -3.00011 -0.999763 0.000157753 
3.5 1 0 0 0 9.5 16.5 10 -2.72589e-06 -0.000408134 -9.18775e-05 -7.04343e-05 -0.000388166 9.81014 -2.72589e-06 -0.000408134 -9.18775e-05 -3.00016 -0.999791 2.36061e-05 
3.6 1 0 0 0 9.2 16.4 10 -0.000131628 -8.07102e-05 0.000357683 -8.90366e-05 -6.4286e-05 9.80993 -0.000131628 -8.07102e-05 0.000357683 -3.00007 -1.00021 -3.39953e-05 
3.7 1 0 0 0 8.9 16.3 10 9.73156e-05 -0.000221781 0.00010521 -9.54344e-05 6.74201e-05 9.8098 9.73156e-05 -0.000221781 0.00010521 -3.0001 -1.00024 5.70928e-05 
3.8 1 0 0 0 8.6 16.2 10 4.90858e-05 -0.00012075 -0.000148426 -8.51098e-05 2.89104e-05 9.81005 4.90858e-05 -0.00012075 -0.000148426 -2.99991 -0.999864 3.25357e-05 
3.9 1 0 0 0 8.3 16.1 10 0.000175155 0.000149279 -0.000107136 0.000154433 -4.7877e-05 9.8101 0.000175155 0.000149279 -0.000107136 -3.00017 -0.999866 -7.49248e-05 
4 1 0 0 0 8.00001 16 10 -1.68173e-05 -0.000196921 2.86901e-05 0.000238518 -1.62966e-05 9.80975 -1.68173e-05 -0.000196921 2.86901e-05 -3.00002 -1.00002 0.000175797 
4.1 1 0 0 0 7.7 15.9 10 7.67502e-05 0.000168822 -0.000242778 9.64549e-05 -0.000242353 9.81004 7.67502e-05 0.000168822 -0.000242778 -2.9999 -1.00003 -0.000138417 
4.2 1 0 0 0 7.4 15.8 10 -4.18562e-05 -5.36738e-05 4.29925e-05 -5.06915e-05 -3.64759e-05 9.80981 -4.18562e-05 -5.36738e-05 4.29925e-05 -3.00014 -1.00016 1.26865e-05 
4.3 1 0 0 0 7.10001 15.7 10 -0.000201537 1.78961e-05 -0.000153947 0.000117589 0.000162807 9.81 -0.000201537 1.78961e-05 -0.000153947 -3.00018 -0.999948 -0.000310607 
4.4 1 0 0 0 6.80001 15.6 10 0.000171615 -1.63095e-05 -8.75589e-05 -0.000129615 1.99221e-05 9.80979 0.000171615 -1.63095e-05 -8.75589e-05 -3.00002 -0.999771 -0.000146942 
4.5 1 0 0 0 6.50001 15.5 10 8.0019e-05 2.48465e-05 0.000151965 0.000105454 -2.08488e-06 9.81029 8.0019e-05 2.48465e-05 0.000151965 -3.00051 -1.00002 -0.000153977 
4.6 1 0 0 0 6.20001 15.4 10 0.000184556 -8.4546e-05 -9.04482e-05 -2.08462e-06 0.000179115 9.80984 0.000184556 -8.4546e-05 -9.04482e-05 -2.99999 -0.999767 -3.51931e-05 
4.7 1 0 0 0 5.90001 15.3 10 2.41674e-05 0.00017342 -0.000141551 -0.000182385 -0.000123804 9.81016 2.41674e-05 0.00017342 -0.000141551 -2.99993 -0.999872 -0.00015441 
4.8 1 0 0 0 5.60001 15.2 10 0.000266102 -0.000140795 -9.40196e-05 5.90393e-05 4.58056e-05 9.81016 0.000266102 -0.000140795 -9.40196e-05 -3.00004 -1.00006 0.0002539 
4.9 1 0 0 0 5.30001 15.1 10 0.000186238 0.000275119 -1.28978e-05 3.97903e-05 4.36416e-05 9.80987 0.000186238 0.000275119 -1.28978e-05 -2.99991 -1.00007 0.000270522 
5 1 0 0 0 5.00001 15 10 -0.000104791 -4.25282e-05 4.30337e-05 -0.000280039 2.80238e-06 9.80987 -0.000104791 -4.25282e-05 4.30337e-05 -2.99967 -0.999927 0.000101136 
5.1 1 0 0 0 4.70001 14.9 10 -0.000184244 -0.000111882 -0.000218378 -2.28964e-05 4.13939e-06 9.81009 -0.000184244 -0.000111882 -0.000218378 -3.00013 -1.00018 -6.88448e-06 
5.2 1 0 0 0 4.40001 14.8 10 -6.5406e-05 -7.60987e-05 -6.0247e-05 -0.000159395 -8.16112e-05 9.81005 -6.5406e-05 -7.60987e-05 -6.0247e-05 -2.99967 -0.999878 0.00014132 
5.3 1 0 0 0 4.10001 14.7 10 -0.000392998 3.73971e-06 -0.00016903 -5.27434e-05 3.17784e-05 9.81012 -0.000392998 3.73971e-06 -0.00016903 -3.00013 -1.00014 6.34441e-05 
5.4 1 0 0 0 3.80001 14.6 10 -5.40012e-05 0.000357919 -0.000180167 -0.000173795 -7.33599e-05 9.81003 -5.40012e-05 0.000357919 -0.000180167 -2.99985 -0.999731 -3.26095e-05 
5.5 1 0 0 0 3.50001 14.5 10 5.09425e-05 -0.000114085 0.000321435 0.000178164 4.77271e-05 9.80976 5.09425e-05 -0.000114085 0.000321435 -3.00028 -1.00016 -0.000226899 
5.6 1 0 0 0 3.20001 14.4 10 -3.95829e-05 -0.000107076 7.00703e-05 -9.16966e-05 -0.000109882 9.81004 -3.95829e-05 -0.000107076 7.00703e-05 -3.00046 -1.00023 2.61445e-05 
5.7 1 0 0 0 2.90001 14.3 10 7.78552e-05 5.60352e-05 -4.16518e-05 9.47286e-05 2.60528e-05 9.80996 7.78552e-05 5.60352e-05 -4.16518e-05 -2.99984 -1.00004 2.07356e-05 
5.8 1 0 0 0 2.60001 14.2 10 -3.26022e-05 -0.000316552 -2.88938e-05 4.62432e-05 1.1467e-05 9.8098 -3.26022e-05 -0.000316552 -2.88938e-05 -3.00001 -1.00007 -0.000103752 
5.9 1 0 0 0 2.30001 14.1 10 3.80921e-05 7.99072e-05 9.01164e-05 -0.000179647 -9.62501e-05 9.81008 3.80921e-05 7.99072e-05 9.01164e-05 -2.99985 -0.999749 -0.000193443 
6 1 0 0 0 2.00001 14 10 -1.98204e-05 -0.000134682 -2.73669e-05 0.000105376 3.67183e-05 9.81 -1.98204e-05 -0.000134682 -2.73669e-05 -2.99993 -0.999798 0.000132549 
6.1 1 0 0 0 1.70001 13.9 10 0.00021816 0.000129052 8.89417e-05 -5.70064e-06 -3.4698e-06 9.80983 0.00021816 0.000129052 8.89417e-05 -3.00018 -1.00001 0.000145551 
6.2 1 0 0 0 1.40001 13.8 10 -0.000327274 1.76256e-06 -9.23212e-05 -1.63477e-05 2.14553e-05 9.80992 -0.000327274 1.76256e-06 -9.23212e-05 -3.00014 -0.99983 4.01761e-05 
6.3 1 0 0 0 1.10001 13.7 10 0.000120964 -0.000120475 2.63237e-05 8.66955e-05 -0.000304045 9.81006 0.000120964 -0.000120475 2.63237e-05 -2.99996 -0.999861 -0.000325845 
6.4 1 0 0 0 0.800011 13.6 10 -0.000239889 -6.86513e-05 9.24622e-05 0.000302805 5.08008e-05 9.80996 -0.000239889 -6.86513e-05 9.24622e-05 -2.99993 -1.00033 -5.90538e-05 
6.5 1 0 0 0 0.500011 13.5 10 0.00021388 -0.000309855 -4.95923e-05 7.60147e-05 0.000154951 9.8099 0.00021388 -0.000309855 -4.95923e-05 -2.99992 -0.999737 -0.000136775 
6.6 1 0 0 0 0.200012 13.4 10 0.000113875 0.00021396 1.77492e-05 -0.000134969 5.06738e-05 9.80974 0.000113875 0.00021396 1.77492e-05 -2.99984 -0.999613 6.26988e-05 
6.7 1 0 0 0 -0.099988 13.3 10 4.89125e-05 1.12708e-05 -0.000323379 -0.000101118 -4.82207e-05 9.81017 4.89125e-05 1.12708e-05 -0.000323379 -3.00035 -1.00001 6.20516e-05 
6.8 1 0 0 0 -0.399988 13.2 10 4.54763e-05 0.000187169 1.09033e-05 -0.000102837 -9.01369e-05 9.80981 4.54763e-05 0.000187169 1.09033e-05 -2.99978 -0.99992 -5.00997e-06 
6.9 1 0 0 0 -0.699987 13.1 10 0.000330261 -0.000192582 -3.20489e-05 0.000172461 9.22175e-05 9.81023 0.000330261 -0.000192582 -3.20489e-05 -2.99997 -0.999476 -0.000119272 
7 1 0 0 0 -0.999987 13 10 -6.28623e-05 0.000248451 0.000152094 0.000207111 0.000227635 9.80987 -6.28623e-05 0.000248451 0.000152094 -3.00008 -0.999801 -0.000261694 
7.1 1 0 0 0 -1.29999 12.9 10 -0.000235673 0.000139168 5.83732e-05 -0.000164946 0.000202738 9.8102 -0.000235673 0.000139168 5.83732e-05 -2.99989 -1.00006 6.07468e-05 
7.2 1 0 0 0 -1.59999 12.8 10 0.000100101 -0.000201374 0.000117737 3.61773e-05 0.000269954 9.80986 0.000100101 -0.000201374 0.000117737 -3.00037 -0.999964 7.49457e-05 
7.3 1 0 0 0 -1.89999 12.7 10 -0.000304535 0.000290828 -0.000195552 9.56048e-05 8.70487e-05 9.80998 -0.000304535 0.000290828 -0.000195552 -2.99992 -1.00023 0.000151576 
7.4 1 0 0 0 -2.19999 12.6 10 0.000135266 -0.000181346 -1.69035e-06 0.000198902 -0.000119069 9.80994 0.000135266 -0.000181346 -1.69035e-06 -3.00023 -0.999538 -8.39971e-05 
7.5 1 0 0 0 -2.49999 12.5 10 0.000225883 0.000121877 0.000138672 0.000192241 -0.00014396 9.81008 0.000225883 0.000121877 0.000138672 -2.99992 -0.999845 0.00024024 
7.6 1 0 0 0 -2.79999 12.4 10 0.000132011 5.57411e-06 0.000150839 0.000210811 -4.34999e-05 9.8101 0.000132011 5.57411e-06 0.000150839 -2.99991 -1.00014 0.00011169 
7.7 1 0 0 0 -3.09999 12.3 10 4.81418e-06 0.000185851 -0.000217844 0.000279383 -9.04472e-05 9.80993 4.81418e-06 0.000185851 -0.000217844 -3.00038 -0.999879 0.000147184 
7.79999 1 0 0 0 -3.39998 12.2 10 -0.000123556 8.56863e-05 5.35508e-05 -0.000226304 -4.69033e-05 9.80985 -0.000123556 8.56863e-05 5.35508e-05 -3.00009 -0.999984 -0.000228096 
7.89999 1 0 0 0 -3.69998 12.1 10 0.000156264 0.000102198 0.000203805 -5.45099e-05 0.000296284 9.80982 0.000156264 0.000102198 0.000203805 -2.99963 -0.999943 7.70711e-06 
7.99999 1 0 0 0 -3.99998 12 10 -3.33493e-05 -8.31719e-05 0.000105757 -0.000242603 7.59659e-05 9.80993 -3.33493e-05 -8.31719e-05 0.000105757 -2.99987 -0.999896 5.03089e-05 
8.09999 1 0 0 0 -4.29998 11.9 10 -5.20849e-05 -9.89679e-06 0.000237635 -0.000120735 -0.00012755 9.80983 -5.20849e-05 -9.89679e-06 0.000237635 -2.99985 -1.00011 6.92621e-05 
8.2 1 0 0 0 -4.59999 11.8 10 -0.000252276 -4.97252e-05 -0.000135869 -0.000205888 -0.000226382 9.80993 -0.000252276 -4.97252e-05 -0.000135869 -3.00006 -1.00017 0.000280569 
8.3 1 0 0 0 -4.89999 11.7 10 8.76622e-05 0.000110296 -0.000122532 0.000112719 -3.81995e-05 9.80989 8.76622e-05 0.000110296 -0.000122532 -2.99993 -0.99998 0.00015669 
8.4 1 0 0 0 -5.19999 11.6 10 -5.30611e-05 -0.00031077 -0.000365692 -6.04844e-05 -2.9404e-05 9.81009 -5.30611e-05 -0.00031077 -0.000365692 -2.99989 -1.00025 2.8212e-05 
8.5 1 0 0 0 -5.49999 11.5 10 -0.000159978 -0.000219155 -3.65577e-05 -0.000248015 0.000111987 9.80982 -0.000159978 -0.000219155 -3.65577e-05 -3.00026 -1.00023 0.000268033 
8.6 1 0 0 0 -5.79999 11.4 10 0.000125459 -0.000131956 1.34891e-05 -6.46395e-05 0.000227161 9.80993 0.000125459 -0.000131956 1.34891e-05 -3.00005 -1.00012 0.000147433 
8.7 1 0 0 0 -6.09999 11.3 10 3.674e-05 0.00028834 -0.000141975 5.22345e-05 -3.28517e-05 9.80993 3.674e-05 0.00028834 -0.000141975 -3.00016 -1.00012 -3.54097e-05 
8.8 1 0 0 0 -6.39999 11.2 10 8.17191e-05 -5.45326e-05 -0.000164332 0.000222634 -1.56944e-05 9.81009 8.17191e-05 -5.45326e-05 -0.000164332 -2.99981 -0.999901 -0.000184187 
8.9 1 0 0 0 -6.69999 11.1 10 0.000171085 -6.34183e-05 0.000183433 -0.000144026 -5.44013e-05 9.80995 0.000171085 -6.34183e-05 0.000183433 -2.99989 -0.999811 -0.000229908 
9 1 0 0 0 -6.99999 11 10 -0.000250113 0.000419255 -8.36978e-06 0.000181582 -0.000282479 9.81001 -0.000250113 0.000419255 -8.36978e-06 -2.99984 -1 0.000325402 
9.1 1 0 0 0 -7.3 10.9 10 -0.000134835 -0.00029544 3.54917e-05 0.00015063 0.000369849 9.81024 -0.000134835 -0.00029544 3.54917e-05 -2.99965 -1.00013 -0.000174792 
9.2 1 0 0 0 -7.6 10.8 10 3.28739e-06 0.000184199 0.000210234 0.000306808 -0.000178609 9.8101 3.28739e-06 0.000184199 0.000210234 -2.99967 -1.00012 0.000141042 
9.3 1 0 0 0 -7.9 10.7 10 6.54192e-05 4.57767e-05 -0.000255304 -9.37828e-05 5.24026e-05 9.81014 6.54192e-05 4.57767e-05 -0.000255304 -2.99977 -0.999618 -0.00017773 
9.4 1 0 0 0 -8.2 10.6 10 0.000209753 1.76916e-05 1.51213e-05 6.27014e-05 3.14847e-05 9.81013 0.000209753 1.76916e-05 1.51213e-05 -3.00025 -1.0001 -3.6007e-05 
9.5 1 0 0 0 -8.5 10.5 10 -0.000104215 0.000123792 -6.32377e-06 0.000170215 -4.85731e-05 9.81005 -0.000104215 0.000123792 -6.32377e-06 -3.00001 -0.999937 0.000341981 
9.6 1 0 0 0 -8.8 10.4 10 -4.01365e-05 0.000259341 -0.000123911 6.61206e-05 -0.000101279 9.81014 -4.01365e-05 0.000259341 -0.000123911 -3.00017 -1.00016 -4.98103e-05 
9.7 1 0 0 0 -9.1 10.3 10 2.29833e-05 -3.59246e-05 0.000295971 -0.00022726 5.62887e-05 9.8101 2.29833e-05 -3.59246e-05 0.000295971 -2.99992 -1.00008 0.000205446 
9.8 1 0 0 0 -9.4 10.2 10 2.08063e-05 9.53557e-05 -0.000340482 0.000164191 -0.000151143 9.81027 2.08063e-05 9.53557e-05 -0.000340482 -3.00009 -0.999951 0.000231528 
9.9 1 0 0 0 -9.7 10.1 10 7.07858e-05 -0.000277609 -9.47215e-05 4.84896e-05 3.30652e-05 9.81001 7.07858e-05 -0.000277609 -9.47215e-05 -3.00001 -0.999863 4.33112e-05 
10 1 0 0 0 -10 10 10 0.000145927 6.205e-05 -7.22734e-05 0.000228659 7.84369e-05 9.81006 0.000145927 6.205e-05 -7.22734e-05 -3.00005 -0.999856 0.000173398 
10.1 1 0 0 0 -10.3 9.9 10 2.45209e-05 -0.00013621 0.000101499 -9.20751e-05 -5.72624e-05 9.80998 2.45209e-05 -0.00013621 0.000101499 -3.00028 -0.999847 0.000245464 
10.2 1 0 0 0 -10.6 9.8 10 1.84029e-05 -4.39864e-05 4.41129e-05 -0.000443388 0.000200206 9.81015 1.84029e-05 -4.39864e-05 4.41129e-05 -3.00027 -1.00024 -0.000226484 
10.3 1 0 0 0 -10.9 9.7 10 -4.02652e-05 7.18538e-05 -0.000169858 -0.00015062 -0.000233414 9.81009 -4.02652e-05 7.18538e-05 -0.000169858 -3.00009 -1.00011 -0.00029984 
10.4 1 0 0 0 -11.2 9.6 10 -0.000166429 -0.000205855 3.10594e-05 -0.000127875 -0.000273926 9.81002 -0.000166429 -0.000205855 3.10594e-05 -2.99988 -1.00016 9.83863e-05 
10.5 1 0 0 0 -11.5 9.5 10 7.49368e-05 0.000120324 0.000119818 2.52942e-05 -4.24896e-05 9.81005 7.49368e-05 0.000120324 0.000119818 -3.00029 -1.00012 -4.93421e-05 
10.6 1 0 0 0 -11.8 9.4 10 7.34535e-05 8.85592e-05 -0.000226665 -0.000285221 0.000127118 9.80992 7.34535e-05 8.85592e-05 -0.000226665 -2.99998 -1.00004 0.000125645 
10.7 1 0 0 0 -12.1 9.3 10 -0.000247283 0.000224663 -8.61884e-05 -0.000231821 -5.10995e-05 9.81012 -0.000247283 0.000224663 -8.61884e-05 -3.00009 -1.00005 -0.000138539 
10.8 1 0 0 0 -12.4 9.2 10 -8.75519e-05 -0.000128317 0.000175403 0.000288779 0.000156309 9.81001 -8.75519e-05 -0.000128317 0.000175403 -2.99992 -0.9999 0.000100311 
10.9 1 0 0 0 -12.7 9.09999 10 0.000412094 -0.00026056 8.69911e-05 0.000199814 0.0003145 9.81002 0.000412094 -0.00026056 8.69911e-05 -3.00005 -1.00028 0.000137868 
11 1 0 0 0 -13 8.99999 10 0.000162301 -0.000256774 7.21678e-05 2.61195e-05 -0.000228073 9.8097 0.000162301 -0.000256774 7.21678e-05 -2.99989 -1.00012 -0.000131788 
11.1 1 0 0 0 -13.3 8.89999 10 0.000103111 -6.84041e-05 -7.34388e-05 9.7525e-05 0.000191267 9.81005 0.000103111 -6.84041e-05 -7.34388e-05 -3.0002 -0.99972 -9.57869e-05 
11.2 1 0 0 0 -13.6 8.79999 10 5.98157e-06 -2.05489e-05 5.05998e-05 -8.66617e-05 0.000161493 9.81 5.98157e-06 -2.05489e-05 5.05998e-05 -3.00011 -0.999936 -0.000133008 
11.3 1 0 0 0 -13.9 8.69999 10 3.67752e-05 -5.65753e-05 4.94967e-05 0.000381711 -0.000162921 9.81014 3.67752e-05 -5.65753e-05 4.94967e-05 -2.99993 -1.00007 0.000129331 
11.4 1 0 0 0 -14.2 8.59999 10 -0.000121753 -0.000242431 -2.8541e-06 -0.000139703 2.29718e-05 9.81021 -0.000121753 -0.000242431 -2.8541e-06 -3.00006 -1.00021 -3.78724e-05 
11.5 1 0 0 0 -14.5 8.49999 10 -0.000174357 -0.000182709 0.000163332 7.73083e-05 -1.41615e-05 9.80984 -0.000174357 -0.000182709 0.000163332 -2.99983 -0.999986 8.63265e-05 
11.6 1 0 0 0 -14.8 8.39999 10 -0.000135087 -2.90811e-05 9.12972e-05 -0.000143479 0.000155368 9.81015 -0.000135087 -2.90811e-05 9.12972e-05 -3.00011 -1.00024 0.000137499 
11.7 1 0 0 0 -15.1 8.29999 10 0.000165824 -1.83205e-05 2.92816e-05 9.34434e-05 0.000207901 9.81007 0.000165824 -1.83205e-05 2.92816e-05 -3.00014 -1.00015 -0.000286798 
11.8 1 0 0 0 -15.4 8.19999 10 4.28283e-05 5.4762e-07 -0.000131753 0.000174895 0.000180636 9.80981 4.28283e-05 5.4762e-07 -0.000131753 -3.00024 -1.00023 4.02496e-05 
11.9 1 0 0 0 -15.7 8.09999 10 -5.82611e-05 -0.000136312 -5.55007e-05 -5.12955e-06 -1.26388e-05 9.80982 -5.82611e-05 -0.000136312 -5.55007e-05 -3.00015 -1.00006 -0.000193128 
12 1 0 0 0 -16 7.99999 10 -3.83583e-05 -0.000207864 0.000160292 -0.000123803 -0.000143753 9.80987 -3.83583e-05 -0.000207864 0.000160292 -3.00017 -1.00006 -7.37349e-05 
12.1 1 0 0 0 -16.3 7.89999 10 8.6339e-05 -8.12848e-05 -2.36113e-05 5.8314e-05 -0.00014687 9.80987 8.6339e-05 -8.12848e-05 -2.36113e-05 -2.99974 -1.00018 -0.000110633 
12.2 1 0 0 0 -16.6 7.79999 10 4.36524e-05 1.09322e-05 -0.000163261 0.000159591 0.000190142 9.81013 4.36524e-05 1.09322e-05 -0.000163261 -3.00009 -0.999944 -9.11108e-05 
12.3 1 0 0 0 -16.9 7.69999 10 0.000350339 -9.42507e-05 -0.000122471 -8.27987e-05 0.000274734 9.80988 0.000350339 -9.42507e-05 -0.000122471 -3.00039 -1.00011 0.000126369 
12.4 1 0 0 0 -17.2 7.59999 10 8.70463e-05 4.83182e-05 0.000230788 4.83501e-05 -0.000346447 9.81013 8.70463e-05 4.83182e-05 0.000230788 -2.99991 -1.00024 0.000323392 
12.5 1 0 0 0 -17.5 7.49999 10 -6.89613e-05 -5.88411e-05 -0.000160175 9.70646e-05 -8.48786e-05 9.81001 -6.89613e-05 -5.88411e-05 -0.000160175 -3.00022 -1.00006 0.000121302 
12.6 1 0 0 0 -17.8 7.39999 10 -9.29733e-05 7.90607e-05 8.16907e-06 0.000171754 6.26263e-05 9.80968 -9.29733e-05 7.90607e-05 8.16907e-06 -3.00004 -0.999987 -5.846e-05 
12.7 1 0 0 0 -18.1 7.29999 10 -0.000201756 -7.52398e-05 0.000277506 2.86345e-05 -0.000220846 9.80978 -0.000201756 -7.52398e-05 0.000277506 -3.00009 -0.999894 0.000146438 
12.8 1 0 0 0 -18.4 7.19999 10 2.71772e-05 4.9084e-05 -5.71436e-05 0.000174231 0.000153865 9.81022 2.71772e-05 4.9084e-05 -5.71436e-05 -3.00006 -0.999984 7.57797e-05 
12.9 1 0 0 0 -18.7 7.09999 10 3.43681e-05 2.99601e-05 -0.000136104 0.000100915 0.000242987 9.81005 3.43681e-05 2.99601e-05 -0.000136104 -3.00023 -0.99991 8.13477e-06 
13 1 0 0 0 -19 6.99999 10 9.61025e-06 7.01898e-05 -0.00047575 8.82055e-05 -7.83749e-05 9.81019 9.61025e-06 7.01898e-05 -0.00047575 -2.99999 -0.99996 9.58263e-05 
13.1 1 0 0 0 -19.3 6.89999 10 -0.000231204 1.62181e-05 -4.2351e-05 -0.00012007 0.000222333 9.80998 -0.000231204 1.62181e-05 -4.2351e-05 -3.00032 -0.999925 6.10847e-05 
13.2 1 0 0 0 -19.6 6.79999 10 8.34429e-05 0.000126767 3.83082e-06 -0.000295337 0.000126975 9.80999 8.34429e-05 0.000126767 3.83082e-06 -3.00019 -1.00024 -0.000308763 
13.3 1 0 0 0 -19.9 6.69999 10 -0.000117027 -0.000477521 -1.0865e-05 6.48523e-05 -0.000155285 9.81004 -0.000117027 -0.000477521 -1.0865e-05 -2.99973 -1.00009 2.93003e-05 
13.4 1 0 0 0 -20.2 6.59999 10 0.000239173 -0.00010809 -0.000119139 -0.000110479 0.000156317 9.80989 0.000239173 -0.00010809 -0.000119139 -3.00005 -0.999869 0.000163965 
13.5 1 0 0 0 -20.5 6.49998 10 1.01297e-06 8.23973e-07 5.35529e-05 1.4282e-05 -2.47602e-05 9.8095 1.01297e-06 8.23973e-07 5.35529e-05 -3.00017 -1.00003 -1.92632e-05 
13.6 1 0 0 0 -20.8 6.39998 10 -0.000104129 -0.000334871 2.39766e-05 -3.28389e-05 -0.000173695 9.81026 -0.000104129 -0.000334871 2.39766e-05 -3.00007 -0.999815 5.44313e-05 
13.7 1 0 0 0 -21.1 6.29998 10 6.76779e-07 6.01046e-05 -7.9708e-05 -3.7375e-05 0.000209353 9.81014 6.76779e-07 6.01046e-05 -7.9708e-05 -2.99991 -1.00005 -8.71486e-05 
13.8 1 0 0 0 -21.4 6.19998 10 -0.00017258 0.00017785 -0.000173238 -8.38261e-05 0.000155779 9.80991 -0.00017258 0.00017785 -0.000173238 -3.00004 -1.0001 -0.000187085 
13.9 1 0 0 0 -21.7001 6.09998 10 3.44195e-05 -4.5123e-05 0.000142481 -0.000186208 -0.000267305 9.80982 3.44195e-05 -4.5123e-05 0.000142481 -3.00008 -1.00004 5.16782e-05 
14 1 0 0 0 -22.0001 5.99998 10 8.03748e-05 8.44733e-05 0.000162633 -9.94973e-05 -0.000142443 9.81002 8.03748e-05 8.44733e-05 0.000162633 -3.00004 -1.0002 -6.51335e-05 
14.1 1 0 0 0 -22.3001 5.89998 10 9.07131e-06 -7.09324e-06 -8.44048e-05 0.000256695 -3.19369e-05 9.80988 9.07131e-06 -7.09324e-06 -8.44048e-05 -3.00009 -1.00024 0.000301359 
14.2 1 0 0 0 -22.6001 5.79998 10 -2.52105e-05 -0.000322224 7.30358e-06 -0.000263075 -5.88854e-06 9.80988 -2.52105e-05 -0.000322224 7.30358e-06 -2.99988 -0.999978 3.26807e-05 
14.3 1 0 0 0 -22.9001 5.69998 10 0.000140166 -0.000169218 9.55393e-05 -0.000172047 2.40881e-05 9.81 0.000140166 -0.000169218 9.55393e-05 -3.0002 -0.999979 0.000256424 
14.4 1 0 0 0 -23.2001 5.59998 10 -5.17696e-05 -0.000155109 -0.000107099 6.28904e-05 -8.09084e-05 9.8102 -5.17696e-05 -0.000155109 -0.000107099 -3.00009 -0.999963 -0.000128644 
14.5 1 0 0 0 -23.5001 5.49998 10 -0.000140317 -0.000117501 3.88969e-05 -0.00024008 -0.000389016 9.81043 -0.000140317 -0.000117501 3.88969e-05 -3.00009 -0.999847 4.97871e-05 
14.6 1 0 0 0 -23.8001 5.39998 10 0.000125922 0.000263158 -0.000204497 0.000232834 -3.14725e-05 9.81008 0.000125922 0.000263158 -0.000204497 -2.99997 -0.999934 -1.68363e-05 
14.7 1 0 0 0 -24.1001 5.29998 10 -0.000120388 0.000200715 0.000111295 -9.86264e-05 6.67569e-05 9.80975 -0.000120388 0.000200715 0.000111295 -3.00011 -1.00025 0.000314125 
14.8 1 0 0 0 -24.4001 5.19998 10 5.48757e-05 0.000151929 0.000157043 9.74246e-05 8.79297e-05 9.81016 5.48757e-05 0.000151929 0.000157043 -3.00011 -1.00019 -0.000147243 
14.9 1 0 0 0 -24.7001 5.09998 10 -5.18499e-05 -0.000218724 -5.34257e-05 -0.000211993 -0.000109779 9.80977 -5.18499e-05 -0.000218724 -5.34257e-05 -2.99974 -0.999628 -0.000146244 
15 1 0 0 0 -25.0001 4.99998 10 -4.28467e-05 -8.0896e-05 9.93997e-05 3.25867e-05 -0.000121481 9.81005 -4.28467e-05 -8.0896e-05 9.93997e-05 -3.00004 -1.0001 8.78861e-05 
15.1 1 0 0 0 -25.3001 4.89998 10 -0.000222431 9.8846e-05 -0.000113324 9.07504e-06 4.25543e-05 9.81015 -0.000222431 9.8846e-05 -0.000113324 -3.00007 -1 -4.68516e-05 
15.2 1 0 0 0 -25.6001 4.79998 10 -0.000203098 -7.28869e-05 -0.000118847 -2.8885e-05 -0.000274934 9.81022 -0.000203098 -7.28869e-05 -0.000118847 -3.00037 -1.00039 -3.16764e-05 
15.3 1 0 0 0 -25.9001 4.69998 10 -0.000292674 -0.000126318 -8.14828e-06 -1.03405e-05 -7.3456e-05 9.80994 -0.000292674 -0.000126318 -8.14828e-06 -3.00018 -0.999988 -3.28599e-05 
15.4 1 0 0 0 -26.2001 4.59998 10 0.000315334 -8.68867e-06 -0.000204632 0.000126856 -0.000194243 9.80985 0.000315334 -8.68867e-06 -0.000204632 -2.9998 -1.0001 0.000163798 
15.5 1 0 0 0 -26.5001 4.49998 10 -0.00020823 -0.000137343 0.000217603 3.9205e-05 0.000178944 9.81029 -0.00020823 -0.000137343 0.000217603 -3.0002 -0.999865 0.000418163 
15.6 1 0 0 0 -26.8001 4.39998 10 -7.07052e-05 7.07616e-06 5.90738e-05 0.000107942 -2.46642e-05 9.80998 -7.07052e-05 7.07616e-06 5.90738e-05 -3.00007 -1.00003 -0.000104587 
15.7 1 0 0 0 -27.1001 4.29998 10 0.000180985 -3.76504e-05 -0.000108631 0.000184332 0.000117761 9.81001 0.000180985 -3.76504e-05 -0.000108631 -2.9998 -0.999957 8.64991e-05 
15.8 1 0 0 0 -27.4001 4.19998 10 3.59158e-05 -0.00026167 0.000121648 -6.34746e-05 0.000151806 9.81002 3.59158e-05 -0.00026167 0.000121648 -3.00012 -0.999874 -0.000213292 
15.9 1 0 0 0 -27.7001 4.09998 10 -0.000186403 3.934e-05 0.000187446 -4.98818e-05 -0.000116778 9.81026 -0.000186403 3.934e-05 0.000187446 -2.99992 -0.999829 -0.000236431 
16 1 0 0 0 -28.0001 3.99998 10 -0.000277972 -0.000294626 0.000130296 0.000133968 -0.000137206 9.81019 -0.000277972 -0.000294626 0.000130296 -2.99993 -0.999856 -8.46824e-05 
16.1 1 0 0 0 -28.3001 3.89997 10 -5.05006e-07 9.03774e-05 -0.000161127 -5.03462e-05 -1.48765e-05 9.80978 -5.05006e-07 9.03774e-05 -0.000161127 -3.00023 -1.00007 -0.000265445 
16.2 1 0 0 0 -28.6001 3.79997 10 0.000188521 0.000174277 -0.00011626 4.29847e-05 2.74002e-06 9.81022 0.000188521 0.000174277 -0.00011626 -3.00019 -1.00001 -0.000118098 
16.3 1 0 0 0 -28.9001 3.69997 10 2.64633e-05 -0.00014395 0.00038635 7.3471e-05 -0.000263637 9.81002 2.64633e-05 -0.00014395 0.00038635 -2.99987 -1.00023 -0.00017429 
16.4 1 0 0 0 -29.2001 3.59997 10 5.18092e-05 -5.31726e-05 8.44036e-05 8.68138e-06 -3.21048e-05 9.81008 5.18092e-05 -5.31726e-05 8.44036e-05 -3.00011 -1.00005 0.000368313 
16.5 1 0 0 0 -29.5001 3.49997 10 -6.30817e-05 8.36972e-05 3.78716e-05 -0.000182265 6.13381e-05 9.80998 -6.30817e-05 8.36972e-05 3.78716e-05 -2.9999 -0.999806 -0.000108028 
16.6 1 0 0 0 -29.8001 3.39997 10 4.55426e-05 -0.000195852 1.94491e-05 -0.000319192 -0.000463207 9.81025 4.55426e-05 -0.000195852 1.94491e-05 -2.99987 -0.999891 -8.5936e-05 
16.7 1 0 0 0 -30.1001 3.29997 10 0.000132109 -8.97299e-05 5.77649e-05 -0.000269025 0.000116209 9.81006 0.000132109 -8.97299e-05 5.77649e-05 -2.99996 -0.999996 -0.000105919 
16.8 1 0 0 0 -30.4001 3.19997 10 7.36714e-05 -0.000248556 -0.000181164 -0.000117073 -0.00014123 9.80964 7.36714e-05 -0.000248556 -0.000181164 -3.00021 -1.00005 0.000228844 
16.9 1 0 0 0 -30.7001 3.09997 10 2.92509e-06 -0.000287321 0.000185464 -6.00232e-06 9.34786e-05 9.81004 2.92509e-06 -0.000287321 0.000185464 -3.00004 -0.999881 0.000146246 
17 1 0 0 0 -31.0001 2.99997 10 0.000119956 9.43457e-05 -3.03789e-05 0.000202467 -0.000314014 9.80973 0.000119956 9.43457e-05 -3.03789e-05 -2.99983 -0.999846 0.000132081 
17.1 1 0 0 0 -31.3001 2.89997 10 0.00044683 -5.45654e-05 -0.00013746 8.27248e-05 -5.60309e-05 9.80988 0.00044683 -5.45654e-05 -0.00013746 -3.00021 -1.00002 -2.86369e-05 
17.2 1 0 0 0 -31.6001 2.79997 10 -6.82256e-05 6.78479e-05 0.000309003 0.000288067 0.000160187 9.80975 -6.82256e-05 6.78479e-05 0.000309003 -3.00016 -0.999908 0.00015345 
17.3 1 0 0 0 -31.9001 2.69997 10 -0.000266852 0.000163942 -0.000227131 -0.000156766 -0.000134588 9.81031 -0.000266852 0.000163942 -0.000227131 -3.00017 -1.00005 -0.000156786 
17.4 1 0 0 0 -32.2001 2.59997 10 -0.000291682 -0.000216391 -3.31744e-05 -0.000197409 0.000289121 9.81001 -0.000291682 -0.000216391 -3.31744e-05 -3.00008 -0.999896 0.000359144 
17.5 1 0 0 0 -32.5001 2.49997 10 -0.000130613 -1.5044e-05 -2.41178e-06 0.000187218 0.000199715 9.81022 -0.000130613 -1.5044e-05 -2.41178e-06 -3.00009 -0.999972 0.000125454 
17.6 1 0 0 0 -32.8001 2.39997 10 0.000220553 -1.90773e-05 0.00028819 -0.000111201 0.000129178 9.81 0.000220553 -1.90773e-05 0.00028819 -3 -1.0001 4.37061e-05 
17.7 1 0 0 0 -33.1001 2.29997 10 -8.64981e-07 -9.351e-05 2.15314e-05 -0.000100364 -1.85111e-06 9.81016 -8.64981e-07 -9.351e-05 2.15314e-05 -3.00008 -1.00007 8.73083e-05 
17.8 1 0 0 0 -33.4001 2.19997 10 1.25233e-05 -2.1138e-05 -0.000283533 0.00038861 -2.20384e-05 9.81017 1.25233e-05 -2.1138e-05 -0.000283533 -3.00005 -1.00011 -7.46969e-05 
17.9 1 0 0 0 -33.7001 2.09997 10 5.9704e-05 9.40095e-05 -9.75148e-05 -8.62246e-05 -1.05847e-05 9.81014 5.9704e-05 9.40095e-05 -9.75148e-05 -3.00014 -0.999833 5.04939e-05 
18 1 0 0 0 -34.0001 1.99997 10 2.08934e-05 -0.000391148 -6.10478e-05 -0.000197465 -6.30986e-06 9.80998 2.08934e-05 -0.000391148 -6.10478e-05 -3.0002 -0.999801 -2.12426e-05 
18.1 1 0 0 0 -34.3001 1.89997 10 -0.00014711 0.000171582 5.66908e-05 -6.88431e-05 -0.000127273 9.81002 -0.00014711 0.000171582 5.66908e-05 -3.00001 -0.999756 -3.56758e-07 
18.2 1 0 0 0 -34.6001 1.79997 10 -0.000138939 -2.25193e-05 -0.000314713 0.000220079 -4.55337e-05 9.81001 -0.000138939 -2.25193e-05 -0.000314713 -3.00004 -0.999937 4.41722e-05 
18.3 1 0 0 0 -34.9001 1.69997 10 5.52901e-06 9.24984e-05 0.000260212 -0.000130127 -0.00017326 9.80988 5.52901e-06 9.24984e-05 0.000260212 -2.99971 -0.999858 7.81533e-05 
18.4 1 0 0 0 -35.2001 1.59997 10 -0.000145953 -0.000167776 9.57945e-07 3.86069e-05 8.89731e-05 9.80992 -0.000145953 -0.000167776 9.57945e-07 -2.99994 -0.999903 5.41099e-05 
18.5 1 0 0 0 -35.5001 1.49997 10 -5.40161e-05 0.000286197 -0.000192722 0.000123482 0.000302729 9.81022 -5.40161e-05 0.000286197 -0.000192722 -3.00023 -0.999987 -0.000209502 
18.6 1 0 0 0 -35.8001 1.39997 10 -4.99289e-05 -0.000218756 -0.000266813 3.37036e-05 0.000120232 9.80996 -4.99289e-05 -0.000218756 -0.000266813 -3.00001 -1 -7.24989e-05 
18.7 1 0 0 0 -36.1001 1.29996 10 3.11371e-06 -0.000150836 0.000149666 -8.50045e-05 0.000258286 9.80985 3.11371e-06 -0.000150836 0.000149666 -3.00011 -1.00026 -4.80376e-06 
18.8 1 0 0 0 -36.4001 1.19996 10 1.87172e-06 -9.05638e-05 -0.00011782 -0.000103139 0.000336076 9.81013 1.87172e-06 -9.05638e-05 -0.00011782 -3.00007 -1.00022 0.000111556 
18.9 1 0 0 0 -36.7001 1.09996 10 -7.88084e-05 0.000110017 -0.000258939 0.000187256 0.00014227 9.81016 -7.88084e-05 0.000110017 -0.000258939 -2.99993 -1 9.68132e-06 
19 1 0 0 0 -37.0001 0.999964 10 5.07154e-05 1.83e-05 -0.000181605 5.10525e-05 0.000207082 9.80981 5.07154e-05 1.83e-05 -0.000181605 -3.00022 -0.99963 9.09972e-05 
19.1 1 0 0 0 -37.3001 0.899963 10 -8.69839e-05 0.000296298 0.000328905 -0.000341883 0.000110424 9.81005 -8.69839e-05 0.000296298 0.000328905 -2.99995 -0.999845 5.54787e-05 
19.2 1 0 0 0 -37.6001 0.799963 10 0.00019078 -0.000180235 0.000193308 -0.000414579 -0.000134476 9.81011 0.00019078 -0.000180235 0.000193308 -2.99986 -1.00009 0.000110022 
19.3 1 0 0 0 -37.9001 0.699963 10 4.72315e-05 -0.000474182 -0.000124533 1.33182e-05 4.91029e-05 9.81012 4.72315e-05 -0.000474182 -0.000124533 -3.00007 -1.00001 -6.44869e-05 
19.4 1 0 0 0 -38.2001 0.599962 10 -0.000124328 7.27047e-05 0.000124435 0.000130941 4.43246e-05 9.81012 -0.000124328 7.27047e-05 0.000124435 -2.99984 -0.999685 -9.84008e-05 
19.5 1 0 0 0 -38.5001 0.499962 10 0.000191105 2.0268e-05 0.000102248 0.000238099 -4.70338e-06 9.81024 0.000191105 2.0268e-05 0.000102248 -3.00018 -0.99998 -6.10754e-05 
19.6 1 0 0 0 -38.8001 0.399961 10 0.000160411 -6.17643e-05 -9.15519e-06 0.0002261 0.000150532 9.81002 0.000160411 -6.17643e-05 -9.15519e-06 -3.00033 -0.999848 -0.000103394 
19.7 1 0 0 0 -39.1001 0.299961 10 -0.000141456 -0.000133776 -0.00010999 0.000135494 -2.09716e-06 9.81001 -0.000141456 -0.000133776 -0.00010999 -2.99995 -1.00009 0.000257076 
19.8 1 0 0 0 -39.4001 0.199961 10 2.36964e-05 -3.95735e-05 0.000100034 3.76626e-05 -1.45515e-05 9.80982 2.36964e-05 -3.95735e-05 0.000100034 -2.99991 -0.999983 -0.000117191 
19.9 1 0 0 0 -39.7001 0.0999603 10 0.00016899 5.37756e-05 -0.000178014 -0.000190467 -0.000280496 9.81037 0.00016899 5.37756e-05 -0.000178014 -3.00004 -1.00007 0.000115627 
