0 1 0 0 0 20 20 10 5.19826e-06 0.00014267 -0.000105297 -0.000211062 -0.000110472 9.80995 
0.1 1 0 0 0 19.7 19.9 10 -0.000105648 -0.000273803 -6.89021e-05 -0.000199991 2.63646e-05 9.81016 
0.2 1 0 0 0 19.4 19.8 10 4.86047e-05 0.000128286 -0.000130988 -0.000148739 0.00024771 9.81015 
0.3 1 0 0 0 19.1 19.7 10 -7.52358e-05 9.34607e-05 -0.000284755 -7.17816e-05 9.88161e-06 9.80985 
0.4 1 0 0 0 18.8 19.6 10 5.89426e-05 8.99172e-05 -2.34632e-06 -5.05206e-05 -0.00019436 9.81001 
0.5 1 0 0 0 18.5 19.5 10 5.53567e-05 -0.00013639 -0.000117272 -0.000368096 0.000131117 9.80996 
0.6 1 0 0 0 18.2 19.4 10 -9.43004e-05 -0.000165102 0.000202601 -0.000103385 0.000184111 9.81 
0.7 1 0 0 0 17.9 19.3 10 0.000138288 5.74137e-05 -6.77934e-05 -0.000188218 3.39784e-05 9.80998 
0.8 1 0 0 0 17.6 19.2 10 -0.000184737 8.81357e-05 -2.74919e-05 6.43441e-05 0.000104331 9.81001 
0.9 1 0 0 0 17.3 19.1 10 0.000156803 -0.000195088 -3.64529e-06 0.000153867 -5.6401e-05 9.81013 
1 1 0 0 0 17 19 10 -0.000179316 0.000133364 -1.22078e-05 -0.000209078 -2.05524e-05 9.81002 
1.1 1 0 0 0 16.7 18.9 10 0.000204145 0.000196163 -2.47503e-05 0.000152796 -0.000240366 9.80997 
1.2 1 0 0 0 16.4 18.8 10 2.97686e-05 0.000116152 5.14077e-05 0.000132384 -3.98331e-05 9.80994 
1.3 1 0 0 0 16.1 18.7 10 0.000124312 -1.59556e-06 -0.000138768 0.000201436 -2.61098e-05 9.81001 
1.4 1 0 0 0 15.8 18.6 10 -0.000201852 -0.000120291 -0.00031174 0.000105487 3.92251e-05 9.80986 
1.5 1 0 0 0 15.5 18.5 10 -0.000145682 -0.000121366 -0.000100769 9.42097e-06 1.77758e-05 9.80985 
1.6 1 0 0 0 15.2 18.4 10 -0.000123255 -0.000165009 0.000104809 0.000143195 7.10189e-05 9.81009 
1.7 1 0 0 0 14.9 18.3 10 0.00027032 -0.000304884 9.97078e-05 4.14503e-05 6.31801e-06 9.81003 
1.8 1 0 0 0 14.6 18.2 10 -0.000133455 -0.00014724 0.000296117 0.000130343 0.000207073 9.81001 
1.9 1 0 0 0 14.3 18.1 10 -4.40766e-05 -0.000182131 -1.91542e-05 -4.10839e-05 0.000189897 9.80983 
2 1 0 0 0 14 18 10 4.93578e-05 0.000200254 -0.00018199 5.03593e-05 4.40212e-05 9.80997 
2.1 1 0 0 0 13.7 17.9 10 0.000113371 0.000178349 -0.000105726 0.000172267 1.75483e-05 9.80981 
2.2 1 0 0 0 13.4 17.8 10 0.000341249 0.000125546 -4.55086e-06 -1.56889e-05 -6.1055e-05 9.81026 
2.3 1 0 0 0 13.1 17.7 10 -0.000254065 0.000167566 6.29731e-05 -5.20094e-06 0.000140312 9.81014 
2.4 1 0 0 0 12.8 17.6 10 4.9904e-05 -0.000156704 3.62363e-05 -8.16797e-05 5.88736e-05 9.81015 
2.5 1 0 0 0 12.5 17.5 10 4.31856e-05 0.000174846 9.69079e-05 -7.39951e-05 -5.08406e-05 9.80975 
2.6 1 0 0 0 12.2 17.4 10 0.000121002 1.35392e-05 2.82568e-05 -9.5064e-05 0.000153337 9.80986 
2.7 1 0 0 0 11.9 17.3 10 4.68553e-05 8.27324e-05 -5.61776e-06 0.000252079 -2.78574e-05 9.80983 
2.8 1 0 0 0 11.6 17.2 10 -2.52947e-05 0.000167996 -0.000196418 3.6516e-05 0.0001694 9.81009 
2.9 1 0 0 0 11.3 17.1 10 5.42813e-05 -0.000176503 -0.000148596 -0.000128948 0.000248685 9.8099 
3 1 0 0 0 11 17 10 0.000146176 0.000289098 8.05237e-05 0.000348124 0.000226072 9.81004 
3.1 1 0 0 0 10.7 16.9 10 -8.06631e-05 -0.000115954 -0.000132639 -8.34751e-05 5.23675e-06 9.80987 
3.2 1 0 0 0 10.4 16.8 10 -4.93903e-05 -0.000214098 -0.00017185 -0.000167218 0.000120056 9.80989 
3.3 1 0 0 0 10.1 16.7 10 7.23613e-05 -0.000139171 -0.000181291 6.88135e-05 -0.000154912 9.8098 
3.4 1 0 0 0 9.8 16.6 10 -0.000102397 -0.000141099 0.000105197 -2.09912e-05 -0.00018608 9.80978 
3.5 1 0 0 0 9.5 16.5 10 -2.72589e-06 -0.000408134 -9.18775e-05 -7.04343e-05 -0.000388166 9.81014 
3.6 1 0 0 0 9.2 16.4 10 -0.000131628 -8.07102e-05 0.000357683 -8.90366e-05 -6.4286e-05 9.80993 
3.7 1 0 0 0 8.9 16.3 10 9.73156e-05 -0.000221781 0.00010521 -9.54344e-05 6.74201e-05 9.8098 
3.8 1 0 0 0 8.6 16.2 10 4.90858e-05 -0.00012075 -0.000148426 -8.51098e-05 2.89104e-05 9.81005 
3.9 1 0 0 0 8.3 16.1 10 0.000175155 0.000149279 -0.000107136 0.000154433 -4.7877e-05 9.8101 
4 1 0 0 0 8.00001 16 10 -1.68173e-05 -0.000196921 2.86901e-05 0.000238518 -1.62966e-05 9.80975 
4.1 1 0 0 0 7.7 15.9 10 7.67502e-05 0.000168822 -0.000242778 9.64549e-05 -0.000242353 9.81004 
4.2 1 0 0 0 7.4 15.8 10 -4.18562e-05 -5.36738e-05 4.29925e-05 -5.06915e-05 -3.64759e-05 9.80981 
4.3 1 0 0 0 7.10001 15.7 10 -0.000201537 1.78961e-05 -0.000153947 0.000117589 0.000162807 9.81 
4.4 1 0 0 0 6.80001 15.6 10 0.000171615 -1.63095e-05 -8.75589e-05 -0.000129615 1.99221e-05 9.80979 
4.5 1 0 0 0 6.50001 15.5 10 8.0019e-05 2.48465e-05 0.000151965 0.000105454 -2.08488e-06 9.81029 
4.6 1 0 0 0 6.20001 15.4 10 0.000184556 -8.4546e-05 -9.04482e-05 -2.08462e-06 0.000179115 9.80984 
4.7 1 0 0 0 5.90001 15.3 10 2.41674e-05 0.00017342 -0.000141551 -0.000182385 -0.000123804 9.81016 
4.8 1 0 0 0 5.60001 15.2 10 0.000266102 -0.000140795 -9.40196e-05 5.90393e-05 4.58056e-05 9.81016 
4.9 1 0 0 0 5.30001 15.1 10 0.000186238 0.000275119 -1.28978e-05 3.97903e-05 4.36416e-05 9.80987 
5 1 0 0 0 5.00001 15 10 -0.000104791 -4.25282e-05 4.30337e-05 -0.000280039 2.80238e-06 9.80987 
5.1 1 0 0 0 4.70001 14.9 10 -0.000184244 -0.000111882 -0.000218378 -2.28964e-05 4.13939e-06 9.81009 
5.2 1 0 0 0 4.40001 14.8 10 -6.5406e-05 -7.60987e-05 -6.0247e-05 -0.000159395 -8.16112e-05 9.81005 
5.3 1 0 0 0 4.10001 14.7 10 -0.000392998 3.73971e-06 -0.00016903 -5.27434e-05 3.17784e-05 9.81012 
5.4 1 0 0 0 3.80001 14.6 10 -5.40012e-05 0.000357919 -0.000180167 -0.000173795 -7.33599e-05 9.81003 
5.5 1 0 0 0 3.50001 14.5 10 5.09425e-05 -0.000114085 0.000321435 0.000178164 4.77271e-05 9.80976 
5.6 1 0 0 0 3.20001 14.4 10 -3.95829e-05 -0.000107076 7.00703e-05 -9.16966e-05 -0.000109882 9.81004 
5.7 1 0 0 0 2.90001 14.3 10 7.78552e-05 5.60352e-05 -4.16518e-05 9.47286e-05 2.60528e-05 9.80996 
5.8 1 0 0 0 2.60001 14.2 10 -3.26022e-05 -0.000316552 -2.88938e-05 4.62432e-05 1.1467e-05 9.8098 
5.9 1 0 0 0 2.30001 14.1 10 3.80921e-05 7.99072e-05 9.01164e-05 -0.000179647 -9.62501e-05 9.81008 
6 1 0 0 0 2.00001 14 10 -1.98204e-05 -0.000134682 -2.73669e-05 0.000105376 3.67183e-05 9.81 
6.1 1 0 0 0 1.70001 13.9 10 0.00021816 0.000129052 8.89417e-05 -5.70064e-06 -3.4698e-06 9.80983 
6.2 1 0 0 0 1.40001 13.8 10 -0.000327274 1.76256e-06 -9.23212e-05 -1.63477e-05 2.14553e-05 9.80992 
6.3 1 0 0 0 1.10001 13.7 10 0.000120964 -0.000120475 2.63237e-05 8.66955e-05 -0.000304045 9.81006 
6.4 1 0 0 0 0.800011 13.6 10 -0.000239889 -6.86513e-05 9.24622e-05 0.000302805 5.08008e-05 9.80996 
6.5 1 0 0 0 0.500011 13.5 10 0.00021388 -0.000309855 -4.95923e-05 7.60147e-05 0.000154951 9.8099 
6.6 1 0 0 0 0.200012 13.4 10 0.000113875 0.00021396 1.77492e-05 -0.000134969 5.06738e-05 9.80974 
6.7 1 0 0 0 -0.099988 13.3 10 4.89125e-05 1.12708e-05 -0.000323379 -0.000101118 -4.82207e-05 9.81017 
6.8 1 0 0 0 -0.399988 13.2 10 4.54763e-05 0.000187169 1.09033e-05 -0.000102837 -9.01369e-05 9.80981 
6.9 1 0 0 0 -0.699987 13.1 10 0.000330261 -0.000192582 -3.20489e-05 0.000172461 9.22175e-05 9.81023 
7 1 0 0 0 -0.999987 13 10 -6.28623e-05 0.000248451 0.000152094 0.000207111 0.000227635 9.80987 
7.1 1 0 0 0 -1.29999 12.9 10 -0.000235673 0.000139168 5.83732e-05 -0.000164946 0.000202738 9.8102 
7.2 1 0 0 0 -1.59999 12.8 10 0.000100101 -0.000201374 0.000117737 3.61773e-05 0.000269954 9.80986 
7.3 1 0 0 0 -1.89999 12.7 10 -0.000304535 0.000290828 -0.000195552 9.56048e-05 8.70487e-05 9.80998 
7.4 1 0 0 0 -2.19999 12.6 10 0.000135266 -0.000181346 -1.69035e-06 0.000198902 -0.000119069 9.80994 
7.5 1 0 0 0 -2.49999 12.5 10 0.000225883 0.000121877 0.000138672 0.000192241 -0.00014396 9.81008 
7.6 1 0 0 0 -2.79999 12.4 10 0.000132011 5.57411e-06 0.000150839 0.000210811 -4.34999e-05 9.8101 
7.7 1 0 0 0 -3.09999 12.3 10 4.81418e-06 0.000185851 -0.000217844 0.000279383 -9.04472e-05 9.80993 
7.79999 1 0 0 0 -3.39998 12.2 10 -0.000123556 8.56863e-05 5.35508e-05 -0.000226304 -4.69033e-05 9.80985 
7.89999 1 0 0 0 -3.69998 12.1 10 0.000156264 0.000102198 0.000203805 -5.45099e-05 0.000296284 9.80982 
7.99999 1 0 0 0 -3.99998 12 10 -3.33493e-05 -8.31719e-05 0.000105757 -0.000242603 7.59659e-05 9.80993 
8.09999 1 0 0 0 -4.29998 11.9 10 -5.20849e-05 -9.89679e-06 0.000237635 -0.000120735 -0.00012755 9.80983 
8.2 1 0 0 0 -4.59999 11.8 10 -0.000252276 -4.97252e-05 -0.000135869 -0.000205888 -0.000226382 9.80993 
8.3 1 0 0 0 -4.89999 11.7 10 8.76622e-05 0.000110296 -0.000122532 0.000112719 -3.81995e-05 9.80989 
8.4 1 0 0 0 -5.19999 11.6 10 -5.30611e-05 -0.00031077 -0.000365692 -6.04844e-05 -2.9404e-05 9.81009 
8.5 1 0 0 0 -5.49999 11.5 10 -0.000159978 -0.000219155 -3.65577e-05 -0.000248015 0.000111987 9.80982 
8.6 1 0 0 0 -5.79999 11.4 10 0.000125459 -0.000131956 1.34891e-05 -6.46395e-05 0.000227161 9.80993 
8.7 1 0 0 0 -6.09999 11.3 10 3.674e-05 0.00028834 -0.000141975 5.22345e-05 -3.28517e-05 9.80993 
8.8 1 0 0 0 -6.39999 11.2 10 8.17191e-05 -5.45326e-05 -0.000164332 0.000222634 -1.56944e-05 9.81009 
8.9 1 0 0 0 -6.69999 11.1 10 0.000171085 -6.34183e-05 0.000183433 -0.000144026 -5.44013e-05 9.80995 
9 1 0 0 0 -6.99999 11 10 -0.000250113 0.000419255 -8.36978e-06 0.000181582 -0.000282479 9.81001 
9.1 1 0 0 0 -7.3 10.9 10 -0.000134835 -0.00029544 3.54917e-05 0.00015063 0.000369849 9.81024 
9.2 1 0 0 0 -7.6 10.8 10 3.28739e-06 0.000184199 0.000210234 0.000306808 -0.000178609 9.8101 
9.3 1 0 0 0 -7.9 10.7 10 6.54192e-05 4.57767e-05 -0.000255304 -9.37828e-05 5.24026e-05 9.81014 
9.4 1 0 0 0 -8.2 10.6 10 0.000209753 1.76916e-05 1.51213e-05 6.27014e-05 3.14847e-05 9.81013 
9.5 1 0 0 0 -8.5 10.5 10 -0.000104215 0.000123792 -6.32377e-06 0.000170215 -4.85731e-05 9.81005 
9.6 1 0 0 0 -8.8 10.4 10 -4.01365e-05 0.000259341 -0.000123911 6.61206e-05 -0.000101279 9.81014 
9.7 1 0 0 0 -9.1 10.3 10 2.29833e-05 -3.59246e-05 0.000295971 -0.00022726 5.62887e-05 9.8101 
9.8 1 0 0 0 -9.4 10.2 10 2.08063e-05 9.53557e-05 -0.000340482 0.000164191 -0.000151143 9.81027 
9.9 1 0 0 0 -9.7 10.1 10 7.07858e-05 -0.000277609 -9.47215e-05 4.84896e-05 3.30652e-05 9.81001 
10 1 0 0 0 -10 10 10 0.000145927 6.205e-05 -7.22734e-05 0.000228659 7.84369e-05 9.81006 
10.1 1 0 0 0 -10.3 9.9 10 2.45209e-05 -0.00013621 0.000101499 -9.20751e-05 -5.72624e-05 9.80998 
10.2 1 0 0 0 -10.6 9.8 10 1.84029e-05 -4.39864e-05 4.41129e-05 -0.000443388 0.000200206 9.81015 
10.3 1 0 0 0 -10.9 9.7 10 -4.02652e-05 7.18538e-05 -0.000169858 -0.00015062 -0.000233414 9.81009 
10.4 1 0 0 0 -11.2 9.6 10 -0.000166429 -0.000205855 3.10594e-05 -0.000127875 -0.000273926 9.81002 
10.5 1 0 0 0 -11.5 9.5 10 7.49368e-05 0.000120324 0.000119818 2.52942e-05 -4.24896e-05 9.81005 
10.6 1 0 0 0 -11.8 9.4 10 7.34535e-05 8.85592e-05 -0.000226665 -0.000285221 0.000127118 9.80992 
10.7 1 0 0 0 -12.1 9.3 10 -0.000247283 0.000224663 -8.61884e-05 -0.000231821 -5.10995e-05 9.81012 
10.8 1 0 0 0 -12.4 9.2 10 -8.75519e-05 -0.000128317 0.000175403 0.000288779 0.000156309 9.81001 
10.9 1 0 0 0 -12.7 9.09999 10 0.000412094 -0.00026056 8.69911e-05 0.000199814 0.0003145 9.81002 
11 1 0 0 0 -13 8.99999 10 0.000162301 -0.000256774 7.21678e-05 2.61195e-05 -0.000228073 9.8097 
11.1 1 0 0 0 -13.3 8.89999 10 0.000103111 -6.84041e-05 -7.34388e-05 9.7525e-05 0.000191267 9.81005 
11.2 1 0 0 0 -13.6 8.79999 10 5.98157e-06 -2.05489e-05 5.05998e-05 -8.66617e-05 0.000161493 9.81 
11.3 1 0 0 0 -13.9 8.69999 10 3.67752e-05 -5.65753e-05 4.94967e-05 0.000381711 -0.000162921 9.81014 
11.4 1 0 0 0 -14.2 8.59999 10 -0.000121753 -0.000242431 -2.8541e-06 -0.000139703 2.29718e-05 9.81021 
11.5 1 0 0 0 -14.5 8.49999 10 -0.000174357 -0.000182709 0.000163332 7.73083e-05 -1.41615e-05 9.80984 
11.6 1 0 0 0 -14.8 8.39999 10 -0.000135087 -2.90811e-05 9.12972e-05 -0.000143479 0.000155368 9.81015 
11.7 1 0 0 0 -15.1 8.29999 10 0.000165824 -1.83205e-05 2.92816e-05 9.34434e-05 0.000207901 9.81007 
11.8 1 0 0 0 -15.4 8.19999 10 4.28283e-05 5.4762e-07 -0.000131753 0.000174895 0.000180636 9.80981 
11.9 1 0 0 0 -15.7 8.09999 10 -5.82611e-05 -0.000136312 -5.55007e-05 -5.12955e-06 -1.26388e-05 9.80982 
12 1 0 0 0 -16 7.99999 10 -3.83583e-05 -0.000207864 0.000160292 -0.000123803 -0.000143753 9.80987 
12.1 1 0 0 0 -16.3 7.89999 10 8.6339e-05 -8.12848e-05 -2.36113e-05 5.8314e-05 -0.00014687 9.80987 
12.2 1 0 0 0 -16.6 7.79999 10 4.36524e-05 1.09322e-05 -0.000163261 0.000159591 0.000190142 9.81013 
12.3 1 0 0 0 -16.9 7.69999 10 0.000350339 -9.42507e-05 -0.000122471 -8.27987e-05 0.000274734 9.80988 
12.4 1 0 0 0 -17.2 7.59999 10 8.70463e-05 4.83182e-05 0.000230788 4.83501e-05 -0.000346447 9.81013 
12.5 1 0 0 0 -17.5 7.49999 10 -6.89613e-05 -5.88411e-05 -0.000160175 9.70646e-05 -8.48786e-05 9.81001 
12.6 1 0 0 0 -17.8 7.39999 10 -9.29733e-05 7.90607e-05 8.16907e-06 0.000171754 6.26263e-05 9.80968 
12.7 1 0 0 0 -18.1 7.29999 10 -0.000201756 -7.52398e-05 0.000277506 2.86345e-05 -0.000220846 9.80978 
12.8 1 0 0 0 -18.4 7.19999 10 2.71772e-05 4.9084e-05 -5.71436e-05 0.000174231 0.000153865 9.81022 
12.9 1 0 0 0 -18.7 7.09999 10 3.43681e-05 2.99601e-05 -0.000136104 0.000100915 0.000242987 9.81005 
13 1 0 0 0 -19 6.99999 10 9.61025e-06 7.01898e-05 -0.00047575 8.82055e-05 -7.83749e-05 9.81019 
13.1 1 0 0 0 -19.3 6.89999 10 -0.000231204 1.62181e-05 -4.2351e-05 -0.00012007 0.000222333 9.80998 
13.2 1 0 0 0 -19.6 6.79999 10 8.34429e-05 0.000126767 3.83082e-06 -0.000295337 0.000126975 9.80999 
13.3 1 0 0 0 -19.9 6.69999 10 -0.000117027 -0.000477521 -1.0865e-05 6.48523e-05 -0.000155285 9.81004 
13.4 1 0 0 0 -20.2 6.59999 10 0.000239173 -0.00010809 -0.000119139 -0.000110479 0.000156317 9.80989 
13.5 1 0 0 0 -20.5 6.49998 10 1.01297e-06 8.23973e-07 5.35529e-05 1.4282e-05 -2.47602e-05 9.8095 
13.6 1 0 0 0 -20.8 6.39998 10 -0.000104129 -0.000334871 2.39766e-05 -3.28389e-05 -0.000173695 9.81026 
13.7 1 0 0 0 -21.1 6.29998 10 6.76779e-07 6.01046e-05 -7.9708e-05 -3.7375e-05 0.000209353 9.81014 
13.8 1 0 0 0 -21.4 6.19998 10 -0.00017258 0.00017785 -0.000173238 -8.38261e-05 0.000155779 9.80991 
13.9 1 0 0 0 -21.7001 6.09998 10 3.44195e-05 -4.5123e-05 0.000142481 -0.000186208 -0.000267305 9.80982 
14 1 0 0 0 -22.0001 5.99998 10 8.03748e-05 8.44733e-05 0.000162633 -9.94973e-05 -0.000142443 9.81002 
14.1 1 0 0 0 -22.3001 5.89998 10 9.07131e-06 -7.09324e-06 -8.44048e-05 0.000256695 -3.19369e-05 9.80988 
14.2 1 0 0 0 -22.6001 5.79998 10 -2.52105e-05 -0.000322224 7.30358e-06 -0.000263075 -5.88854e-06 9.80988 
14.3 1 0 0 0 -22.9001 5.69998 10 0.000140166 -0.000169218 9.55393e-05 -0.000172047 2.40881e-05 9.81 
14.4 1 0 0 0 -23.2001 5.59998 10 -5.17696e-05 -0.000155109 -0.000107099 6.28904e-05 -8.09084e-05 9.8102 
14.5 1 0 0 0 -23.5001 5.49998 10 -0.000140317 -0.000117501 3.88969e-05 -0.00024008 -0.000389016 9.81043 
14.6 1 0 0 0 -23.8001 5.39998 10 0.000125922 0.000263158 -0.000204497 0.000232834 -3.14725e-05 9.81008 
14.7 1 0 0 0 -24.1001 5.29998 10 -0.000120388 0.000200715 0.000111295 -9.86264e-05 6.67569e-05 9.80975 
14.8 1 0 0 0 -24.4001 5.19998 10 5.48757e-05 0.000151929 0.000157043 9.74246e-05 8.79297e-05 9.81016 
14.9 1 0 0 0 -24.7001 5.09998 10 -5.18499e-05 -0.000218724 -5.34257e-05 -0.000211993 -0.000109779 9.80977 
15 1 0 0 0 -25.0001 4.99998 10 -4.28467e-05 -8.0896e-05 9.93997e-05 3.25867e-05 -0.000121481 9.81005 
15.1 1 0 0 0 -25.3001 4.89998 10 -0.000222431 9.8846e-05 -0.000113324 9.07504e-06 4.25543e-05 9.81015 
15.2 1 0 0 0 -25.6001 4.79998 10 -0.000203098 -7.28869e-05 -0.000118847 -2.8885e-05 -0.000274934 9.81022 
15.3 1 0 0 0 -25.9001 4.69998 10 -0.000292674 -0.000126318 -8.14828e-06 -1.03405e-05 -7.3456e-05 9.80994 
15.4 1 0 0 0 -26.2001 4.59998 10 0.000315334 -8.68867e-06 -0.000204632 0.000126856 -0.000194243 9.80985 
15.5 1 0 0 0 -26.5001 4.49998 10 -0.00020823 -0.000137343 0.000217603 3.9205e-05 0.000178944 9.81029 
15.6 1 0 0 0 -26.8001 4.39998 10 -7.07052e-05 7.07616e-06 5.90738e-05 0.000107942 -2.46642e-05 9.80998 
15.7 1 0 0 0 -27.1001 4.29998 10 0.000180985 -3.76504e-05 -0.000108631 0.000184332 0.000117761 9.81001 
15.8 1 0 0 0 -27.4001 4.19998 10 3.59158e-05 -0.00026167 0.000121648 -6.34746e-05 0.000151806 9.81002 
15.9 1 0 0 0 -27.7001 4.09998 10 -0.000186403 3.934e-05 0.000187446 -4.98818e-05 -0.000116778 9.81026 
16 1 0 0 0 -28.0001 3.99998 10 -0.000277972 -0.000294626 0.000130296 0.000133968 -0.000137206 9.81019 
16.1 1 0 0 0 -28.3001 3.89997 10 -5.05006e-07 9.03774e-05 -0.000161127 -5.03462e-05 -1.48765e-05 9.80978 
16.2 1 0 0 0 -28.6001 3.79997 10 0.000188521 0.000174277 -0.00011626 4.29847e-05 2.74002e-06 9.81022 
16.3 1 0 0 0 -28.9001 3.69997 10 2.64633e-05 -0.00014395 0.00038635 7.3471e-05 -0.000263637 9.81002 
16.4 1 0 0 0 -29.2001 3.59997 10 5.18092e-05 -5.31726e-05 8.44036e-05 8.68138e-06 -3.21048e-05 9.81008 
16.5 1 0 0 0 -29.5001 3.49997 10 -6.30817e-05 8.36972e-05 3.78716e-05 -0.000182265 6.13381e-05 9.80998 
16.6 1 0 0 0 -29.8001 3.39997 10 4.55426e-05 -0.000195852 1.94491e-05 -0.000319192 -0.000463207 9.81025 
16.7 1 0 0 0 -30.1001 3.29997 10 0.000132109 -8.97299e-05 5.77649e-05 -0.000269025 0.000116209 9.81006 
16.8 1 0 0 0 -30.4001 3.19997 10 7.36714e-05 -0.000248556 -0.000181164 -0.000117073 -0.00014123 9.80964 
16.9 1 0 0 0 -30.7001 3.09997 10 2.92509e-06 -0.000287321 0.000185464 -6.00232e-06 9.34786e-05 9.81004 
17 1 0 0 0 -31.0001 2.99997 10 0.000119956 9.43457e-05 -3.03789e-05 0.000202467 -0.000314014 9.80973 
17.1 1 0 0 0 -31.3001 2.89997 10 0.00044683 -5.45654e-05 -0.00013746 8.27248e-05 -5.60309e-05 9.80988 
17.2 1 0 0 0 -31.6001 2.79997 10 -6.82256e-05 6.78479e-05 0.000309003 0.000288067 0.000160187 9.80975 
17.3 1 0 0 0 -31.9001 2.69997 10 -0.000266852 0.000163942 -0.000227131 -0.000156766 -0.000134588 9.81031 
17.4 1 0 0 0 -32.2001 2.59997 10 -0.000291682 -0.000216391 -3.31744e-05 -0.000197409 0.000289121 9.81001 
17.5 1 0 0 0 -32.5001 2.49997 10 -0.000130613 -1.5044e-05 -2.41178e-06 0.000187218 0.000199715 9.81022 
17.6 1 0 0 0 -32.8001 2.39997 10 0.000220553 -1.90773e-05 0.00028819 -0.000111201 0.000129178 9.81 
17.7 1 0 0 0 -33.1001 2.29997 10 -8.64981e-07 -9.351e-05 2.15314e-05 -0.000100364 -1.85111e-06 9.81016 
17.8 1 0 0 0 -33.4001 2.19997 10 1.25233e-05 -2.1138e-05 -0.000283533 0.00038861 -2.20384e-05 9.81017 
17.9 1 0 0 0 -33.7001 2.09997 10 5.9704e-05 9.40095e-05 -9.75148e-05 -8.62246e-05 -1.05847e-05 9.81014 
18 1 0 0 0 -34.0001 1.99997 10 2.08934e-05 -0.000391148 -6.10478e-05 -0.000197465 -6.30986e-06 9.80998 
18.1 1 0 0 0 -34.3001 1.89997 10 -0.00014711 0.000171582 5.66908e-05 -6.88431e-05 -0.000127273 9.81002 
18.2 1 0 0 0 -34.6001 1.79997 10 -0.000138939 -2.25193e-05 -0.000314713 0.000220079 -4.55337e-05 9.81001 
18.3 1 0 0 0 -34.9001 1.69997 10 5.52901e-06 9.24984e-05 0.000260212 -0.000130127 -0.00017326 9.80988 
18.4 1 0 0 0 -35.2001 1.59997 10 -0.000145953 -0.000167776 9.57945e-07 3.86069e-05 8.89731e-05 9.80992 
18.5 1 0 0 0 -35.5001 1.49997 10 -5.40161e-05 0.000286197 -0.000192722 0.000123482 0.000302729 9.81022 
18.6 1 0 0 0 -35.8001 1.39997 10 -4.99289e-05 -0.000218756 -0.000266813 3.37036e-05 0.000120232 9.80996 
18.7 1 0 0 0 -36.1001 1.29996 10 3.11371e-06 -0.000150836 0.000149666 -8.50045e-05 0.000258286 9.80985 
18.8 1 0 0 0 -36.4001 1.19996 10 1.87172e-06 -9.05638e-05 -0.00011782 -0.000103139 0.000336076 9.81013 
18.9 1 0 0 0 -36.7001 1.09996 10 -7.88084e-05 0.000110017 -0.000258939 0.000187256 0.00014227 9.81016 
19 1 0 0 0 -37.0001 0.999964 10 5.07154e-05 1.83e-05 -0.000181605 5.10525e-05 0.000207082 9.80981 
19.1 1 0 0 0 -37.3001 0.899963 10 -8.69839e-05 0.000296298 0.000328905 -0.000341883 0.000110424 9.81005 
19.2 1 0 0 0 -37.6001 0.799963 10 0.00019078 -0.000180235 0.000193308 -0.000414579 -0.000134476 9.81011 
19.3 1 0 0 0 -37.9001 0.699963 10 4.72315e-05 -0.000474182 -0.000124533 1.33182e-05 4.91029e-05 9.81012 
19.4 1 0 0 0 -38.2001 0.599962 10 -0.000124328 7.27047e-05 0.000124435 0.000130941 4.43246e-05 9.81012 
19.5 1 0 0 0 -38.5001 0.499962 10 0.000191105 2.0268e-05 0.000102248 0.000238099 -4.70338e-06 9.81024 
19.6 1 0 0 0 -38.8001 0.399961 10 0.000160411 -6.17643e-05 -9.15519e-06 0.0002261 0.000150532 9.81002 
19.7 1 0 0 0 -39.1001 0.299961 10 -0.000141456 -0.000133776 -0.00010999 0.000135494 -2.09716e-06 9.81001 
19.8 1 0 0 0 -39.4001 0.199961 10 2.36964e-05 -3.95735e-05 0.000100034 3.76626e-05 -1.45515e-05 9.80982 
19.9 1 0 0 0 -39.7001 0.0999603 10 0.00016899 5.37756e-05 -0.000178014 -0.000190467 -0.000280496 9.81037 
